2020-04-24 15:27:22,049 gpu device = 1
2020-04-24 15:27:22,049 args = Namespace(arch_learning_rate=0.0003, arch_weight_decay=0.001, batch_size=64, cutout=False, cutout_length=16, data='./data', drop_path_prob=0.3, epochs=50, gpu=1, grad_clip=5, init_channels=16, layers=8, learning_rate=0.025, learning_rate_min=0.001, model_path='saved_models', momentum=0.9, report_freq=50, save='darta-ind-search-EXP-20200424-152722', seed=2, train_portion=0.5, unrolled=False, weight_decay=0.0003)
2020-04-24 15:27:25,316 param size = 3.621370MB
2020-04-24 15:27:27,998 epoch 0 lr 2.500000e-02
2020-04-24 15:27:28,000 genotype = Genotype(normal=[('sep_conv_3x3', 1), ('dil_conv_5x5', 0), ('sep_conv_3x3', 0), ('conv_3x1_1x3', 2), ('dil_conv_3x3', 1), ('sep_conv_3x3', 2), ('conv_3x1_1x3', 3), ('sep_conv_5x5', 2)], normal_concat=range(2, 6), reduce=[('max_pool_5x5', 0), ('avg_pool_3x3', 1), ('skip_connect', 1), ('max_pool_5x5', 0), ('max_pool_3x3', 0), ('avg_pool_3x3', 1), ('max_pool_3x3', 0), ('avg_pool_5x5', 4)], reduce_concat=range(2, 6))
2020-04-24 15:27:28,001 genotype_all = Genotype(normal=[('dil_conv_5x5', 0), ('sep_conv_3x3', 1), ('sep_conv_3x3', 0), ('conv_3x3', 1), ('conv_3x1_1x3', 2), ('sep_conv_5x5', 0), ('dil_conv_3x3', 1), ('sep_conv_3x3', 2), ('dil_conv_3x3', 3), ('dil_conv_3x3', 0), ('sep_conv_3x3', 1), ('sep_conv_5x5', 2), ('conv_3x1_1x3', 3), ('dil_conv_5x5', 4)], normal_concat=range(2, 6), reduce=[('max_pool_5x5', 0), ('avg_pool_3x3', 1), ('max_pool_5x5', 0), ('skip_connect', 1), ('none', 2), ('max_pool_3x3', 0), ('avg_pool_3x3', 1), ('avg_pool_3x3', 2), ('max_pool_5x5', 3), ('max_pool_3x3', 0), ('avg_pool_3x3', 1), ('skip_connect', 2), ('avg_pool_3x3', 3), ('avg_pool_5x5', 4)], reduce_concat=range(2, 6))
2020-04-24 15:27:28,001 Variable containing:
 0.1667  0.1664  0.1668  0.1666  0.1666  0.1668
 0.1666  0.1665  0.1669  0.1666  0.1667  0.1667
 0.1668  0.1666  0.1670  0.1666  0.1666  0.1664
 0.1669  0.1668  0.1663  0.1668  0.1666  0.1666
 0.1666  0.1669  0.1667  0.1664  0.1667  0.1666
 0.1666  0.1666  0.1667  0.1668  0.1667  0.1666
 0.1664  0.1666  0.1666  0.1667  0.1670  0.1668
 0.1664  0.1668  0.1669  0.1668  0.1664  0.1665
 0.1666  0.1667  0.1666  0.1667  0.1668  0.1666
 0.1668  0.1665  0.1665  0.1667  0.1668  0.1666
 0.1666  0.1667  0.1669  0.1668  0.1664  0.1668
 0.1664  0.1668  0.1665  0.1670  0.1666  0.1667
 0.1667  0.1670  0.1665  0.1667  0.1666  0.1664
 0.1665  0.1665  0.1667  0.1667  0.1666  0.1669
[torch.cuda.FloatTensor of size 14x6 (GPU 1)]

2020-04-24 15:27:28,005 Variable containing:
 0.1668  0.1667  0.1663  0.1665  0.1669  0.1669
 0.1665  0.1666  0.1669  0.1666  0.1668  0.1665
 0.1669  0.1665  0.1664  0.1666  0.1667  0.1669
 0.1669  0.1670  0.1664  0.1665  0.1665  0.1666
 0.1669  0.1666  0.1665  0.1666  0.1667  0.1666
 0.1667  0.1667  0.1666  0.1669  0.1665  0.1665
 0.1664  0.1668  0.1668  0.1667  0.1665  0.1667
 0.1665  0.1667  0.1668  0.1666  0.1667  0.1666
 0.1667  0.1666  0.1668  0.1665  0.1666  0.1668
 0.1666  0.1666  0.1664  0.1669  0.1667  0.1668
 0.1666  0.1666  0.1668  0.1666  0.1666  0.1667
 0.1668  0.1668  0.1665  0.1667  0.1666  0.1667
 0.1666  0.1667  0.1668  0.1664  0.1667  0.1667
 0.1666  0.1666  0.1666  0.1668  0.1669  0.1667
[torch.cuda.FloatTensor of size 14x6 (GPU 1)]

2020-04-24 15:27:33,265 train 000 2.314137e+00 4.687500 56.250000
2020-04-24 15:28:43,709 train 050 2.020757e+00 25.428922 78.768382
2020-04-24 15:29:58,161 train 100 1.912518e+00 29.099629 81.961634
2020-04-24 15:31:13,557 train 150 1.844791e+00 31.281043 83.981788
2020-04-24 15:32:29,869 train 200 1.785262e+00 33.403296 85.587687
2020-04-24 15:33:46,006 train 250 1.736438e+00 35.308765 86.609811
2020-04-24 15:35:01,418 train 300 1.692408e+00 37.069145 87.474045
2020-04-24 15:36:16,331 train 350 1.650983e+00 38.648504 88.283476
2020-04-24 15:37:19,130 train_acc 39.900000
2020-04-24 15:37:19,553 valid 000 1.467483e+00 51.562500 92.187500
2020-04-24 15:37:28,112 valid 050 1.382913e+00 49.908088 93.198529
2020-04-24 15:37:36,666 valid 100 1.389778e+00 49.690594 93.332302
2020-04-24 15:37:45,128 valid 150 1.379966e+00 49.979305 93.429222
2020-04-24 15:37:54,030 valid 200 1.376450e+00 49.906716 93.415734
2020-04-24 15:38:02,393 valid 250 1.368636e+00 50.000000 93.476096
2020-04-24 15:38:11,170 valid 300 1.372258e+00 49.781977 93.511213
2020-04-24 15:38:19,692 valid 350 1.375009e+00 49.795228 93.469551
2020-04-24 15:38:26,460 valid_acc 49.596000
2020-04-24 15:38:26,590 epoch 1 lr 2.497632e-02
2020-04-24 15:38:26,591 genotype = Genotype(normal=[('dil_conv_5x5', 0), ('dil_conv_3x3', 1), ('conv_3x1_1x3', 1), ('dil_conv_3x3', 2), ('conv_3x3', 1), ('dil_conv_5x5', 3), ('dil_conv_5x5', 4), ('conv_3x3', 1)], normal_concat=range(2, 6), reduce=[('max_pool_3x3', 0), ('none', 1), ('max_pool_3x3', 0), ('skip_connect', 2), ('max_pool_3x3', 0), ('skip_connect', 2), ('max_pool_3x3', 0), ('max_pool_3x3', 2)], reduce_concat=range(2, 6))
2020-04-24 15:38:26,591 genotype_all = Genotype(normal=[('dil_conv_5x5', 0), ('dil_conv_3x3', 1), ('dil_conv_5x5', 0), ('conv_3x1_1x3', 1), ('dil_conv_3x3', 2), ('dil_conv_5x5', 0), ('conv_3x3', 1), ('dil_conv_5x5', 2), ('dil_conv_5x5', 3), ('conv_3x1_1x3', 0), ('conv_3x3', 1), ('conv_3x1_1x3', 2), ('dil_conv_3x3', 3), ('dil_conv_5x5', 4)], normal_concat=range(2, 6), reduce=[('max_pool_3x3', 0), ('none', 1), ('max_pool_3x3', 0), ('skip_connect', 1), ('skip_connect', 2), ('max_pool_3x3', 0), ('max_pool_3x3', 1), ('skip_connect', 2), ('skip_connect', 3), ('max_pool_3x3', 0), ('max_pool_5x5', 1), ('max_pool_3x3', 2), ('skip_connect', 3), ('max_pool_3x3', 4)], reduce_concat=range(2, 6))
2020-04-24 15:38:26,592 Variable containing:
 0.1667  0.1680  0.1660  0.1646  0.1658  0.1690
 0.1674  0.1669  0.1667  0.1639  0.1688  0.1662
 0.1672  0.1676  0.1672  0.1628  0.1673  0.1679
 0.1652  0.1700  0.1683  0.1639  0.1675  0.1650
 0.1680  0.1671  0.1647  0.1637  0.1698  0.1669
 0.1666  0.1649  0.1674  0.1663  0.1665  0.1683
 0.1699  0.1668  0.1653  0.1637  0.1675  0.1668
 0.1657  0.1670  0.1656  0.1656  0.1674  0.1687
 0.1654  0.1661  0.1669  0.1632  0.1687  0.1698
 0.1683  0.1688  0.1674  0.1626  0.1681  0.1648
 0.1705  0.1668  0.1646  0.1623  0.1690  0.1669
 0.1653  0.1693  0.1668  0.1643  0.1649  0.1693
 0.1650  0.1690  0.1649  0.1631  0.1698  0.1682
 0.1665  0.1653  0.1648  0.1663  0.1664  0.1707
[torch.cuda.FloatTensor of size 14x6 (GPU 1)]

2020-04-24 15:38:26,594 Variable containing:
 0.1619  0.1655  0.1617  0.1756  0.1603  0.1750
 0.1714  0.1705  0.1617  0.1679  0.1600  0.1685
 0.1610  0.1617  0.1632  0.1772  0.1611  0.1759
 0.1696  0.1696  0.1623  0.1691  0.1602  0.1692
 0.1673  0.1735  0.1649  0.1725  0.1561  0.1657
 0.1608  0.1635  0.1633  0.1769  0.1604  0.1751
 0.1686  0.1683  0.1630  0.1703  0.1598  0.1700
 0.1670  0.1733  0.1654  0.1732  0.1556  0.1655
 0.1691  0.1728  0.1658  0.1722  0.1556  0.1646
 0.1605  0.1609  0.1639  0.1773  0.1618  0.1757
 0.1687  0.1689  0.1624  0.1697  0.1601  0.1701
 0.1670  0.1724  0.1656  0.1743  0.1558  0.1648
 0.1692  0.1723  0.1665  0.1723  0.1559  0.1638
 0.1705  0.1698  0.1671  0.1722  0.1565  0.1638
[torch.cuda.FloatTensor of size 14x6 (GPU 1)]

2020-04-24 15:38:29,009 train 000 1.180194e+00 56.250000 95.312500
2020-04-24 15:39:43,096 train 050 1.312647e+00 51.868873 93.750000
2020-04-24 15:40:57,398 train 100 1.309023e+00 51.825495 94.043936
2020-04-24 15:42:12,100 train 150 1.285919e+00 52.938742 94.163907
2020-04-24 15:43:26,598 train 200 1.269699e+00 53.498134 94.379664
2020-04-24 15:44:41,978 train 250 1.243422e+00 54.556773 94.609064
2020-04-24 15:45:57,239 train 300 1.230096e+00 55.388289 94.684385
2020-04-24 15:47:12,883 train 350 1.211328e+00 56.187678 94.778312
2020-04-24 15:48:12,779 train_acc 56.844000
2020-04-24 15:48:13,254 valid 000 1.147852e+00 59.375000 96.875000
2020-04-24 15:48:22,689 valid 050 1.130680e+00 59.681373 95.649510
2020-04-24 15:48:31,123 valid 100 1.153700e+00 59.127475 95.606436
2020-04-24 15:48:41,016 valid 150 1.137047e+00 59.488825 95.767798
2020-04-24 15:48:50,885 valid 200 1.142460e+00 59.203980 95.716729
2020-04-24 15:49:00,539 valid 250 1.148121e+00 58.852092 95.704681
2020-04-24 15:49:09,890 valid 300 1.148426e+00 58.798796 95.691445
2020-04-24 15:49:18,715 valid 350 1.149832e+00 58.707265 95.775463
2020-04-24 15:49:25,493 valid_acc 58.824000
2020-04-24 15:49:27,898 epoch 2 lr 2.490538e-02
2020-04-24 15:49:27,899 genotype = Genotype(normal=[('conv_3x1_1x3', 0), ('conv_3x3', 1), ('dil_conv_5x5', 0), ('dil_conv_3x3', 2), ('dil_conv_3x3', 3), ('dil_conv_5x5', 2), ('conv_3x3', 1), ('conv_3x1_1x3', 2)], normal_concat=range(2, 6), reduce=[('max_pool_5x5', 0), ('none', 1), ('max_pool_5x5', 0), ('max_pool_3x3', 2), ('max_pool_5x5', 0), ('max_pool_3x3', 2), ('max_pool_5x5', 0), ('max_pool_3x3', 2)], reduce_concat=range(2, 6))
2020-04-24 15:49:27,900 genotype_all = Genotype(normal=[('conv_3x1_1x3', 0), ('conv_3x3', 1), ('dil_conv_5x5', 0), ('sep_conv_3x3', 1), ('dil_conv_3x3', 2), ('dil_conv_5x5', 0), ('conv_3x3', 1), ('dil_conv_5x5', 2), ('dil_conv_3x3', 3), ('conv_3x3', 0), ('conv_3x3', 1), ('conv_3x1_1x3', 2), ('sep_conv_3x3', 3), ('dil_conv_5x5', 4)], normal_concat=range(2, 6), reduce=[('max_pool_5x5', 0), ('none', 1), ('max_pool_5x5', 0), ('max_pool_5x5', 1), ('max_pool_3x3', 2), ('max_pool_5x5', 0), ('max_pool_5x5', 1), ('max_pool_3x3', 2), ('skip_connect', 3), ('max_pool_5x5', 0), ('max_pool_5x5', 1), ('max_pool_3x3', 2), ('max_pool_3x3', 3), ('max_pool_3x3', 4)], reduce_concat=range(2, 6))
2020-04-24 15:49:27,900 Variable containing:
 0.1697  0.1711  0.1675  0.1615  0.1631  0.1670
 0.1698  0.1667  0.1663  0.1623  0.1698  0.1651
 0.1666  0.1668  0.1701  0.1584  0.1664  0.1716
 0.1670  0.1696  0.1699  0.1622  0.1666  0.1647
 0.1664  0.1668  0.1635  0.1634  0.1708  0.1692
 0.1670  0.1641  0.1677  0.1661  0.1659  0.1692
 0.1706  0.1680  0.1654  0.1613  0.1664  0.1682
 0.1664  0.1680  0.1648  0.1629  0.1668  0.1711
 0.1662  0.1660  0.1631  0.1628  0.1716  0.1703
 0.1703  0.1694  0.1682  0.1614  0.1667  0.1639
 0.1739  0.1671  0.1647  0.1612  0.1674  0.1657
 0.1661  0.1727  0.1660  0.1608  0.1654  0.1690
 0.1615  0.1677  0.1697  0.1626  0.1693  0.1693
 0.1678  0.1640  0.1625  0.1664  0.1670  0.1723
[torch.cuda.FloatTensor of size 14x6 (GPU 1)]

2020-04-24 15:49:27,904 Variable containing:
 0.1588  0.1654  0.1556  0.1831  0.1528  0.1844
 0.1738  0.1706  0.1562  0.1722  0.1536  0.1735
 0.1571  0.1599  0.1576  0.1855  0.1541  0.1858
 0.1711  0.1703  0.1570  0.1735  0.1536  0.1745
 0.1681  0.1779  0.1609  0.1789  0.1472  0.1670
 0.1569  0.1599  0.1587  0.1850  0.1542  0.1853
 0.1695  0.1675  0.1581  0.1752  0.1536  0.1761
 0.1655  0.1774  0.1620  0.1808  0.1470  0.1674
 0.1688  0.1780  0.1624  0.1779  0.1477  0.1651
 0.1577  0.1582  0.1582  0.1849  0.1547  0.1863
 0.1712  0.1713  0.1569  0.1724  0.1535  0.1746
 0.1702  0.1752  0.1614  0.1806  0.1473  0.1653
 0.1735  0.1741  0.1626  0.1775  0.1482  0.1641
 0.1757  0.1689  0.1645  0.1775  0.1493  0.1640
[torch.cuda.FloatTensor of size 14x6 (GPU 1)]

2020-04-24 15:49:29,617 train 000 1.139037e+00 59.375000 98.437500
2020-04-24 15:50:43,831 train 050 1.038707e+00 62.959559 95.925245
2020-04-24 15:51:58,708 train 100 1.024737e+00 63.366337 96.178837
2020-04-24 15:53:13,662 train 150 1.007507e+00 64.134934 96.419702
2020-04-24 15:54:29,451 train 200 1.002668e+00 64.287935 96.602923
2020-04-24 15:55:45,704 train 250 9.908371e-01 64.747261 96.675797
2020-04-24 15:57:01,224 train 300 9.798119e-01 65.126661 96.771179
2020-04-24 15:58:16,981 train 350 9.723236e-01 65.504808 96.803775
2020-04-24 15:59:17,118 train_acc 65.816000
2020-04-24 15:59:17,535 valid 000 9.502899e-01 65.625000 96.875000
2020-04-24 15:59:25,993 valid 050 8.977020e-01 67.401961 97.181373
2020-04-24 15:59:34,441 valid 100 8.966838e-01 68.301361 97.014233
2020-04-24 15:59:45,102 valid 150 9.003304e-01 67.849752 97.288907
2020-04-24 15:59:53,443 valid 200 9.116452e-01 67.366294 97.325871
2020-04-24 16:00:02,577 valid 250 9.122456e-01 67.355578 97.391683
2020-04-24 16:00:11,251 valid 300 9.101503e-01 67.260174 97.430440
2020-04-24 16:00:19,694 valid 350 9.114012e-01 67.236467 97.458155
2020-04-24 16:00:27,451 valid_acc 67.324000
2020-04-24 16:00:28,334 epoch 3 lr 2.478745e-02
2020-04-24 16:00:28,335 genotype = Genotype(normal=[('conv_3x1_1x3', 0), ('conv_3x3', 1), ('dil_conv_5x5', 0), ('sep_conv_3x3', 1), ('dil_conv_5x5', 2), ('dil_conv_3x3', 3), ('dil_conv_5x5', 4), ('sep_conv_3x3', 3)], normal_concat=range(2, 6), reduce=[('max_pool_5x5', 0), ('none', 1), ('max_pool_3x3', 0), ('max_pool_3x3', 2), ('max_pool_5x5', 0), ('max_pool_3x3', 2), ('max_pool_5x5', 0), ('max_pool_3x3', 2)], reduce_concat=range(2, 6))
2020-04-24 16:00:28,336 genotype_all = Genotype(normal=[('conv_3x1_1x3', 0), ('conv_3x3', 1), ('dil_conv_5x5', 0), ('sep_conv_3x3', 1), ('dil_conv_3x3', 2), ('dil_conv_5x5', 0), ('dil_conv_5x5', 1), ('dil_conv_5x5', 2), ('dil_conv_3x3', 3), ('conv_3x1_1x3', 0), ('conv_3x3', 1), ('conv_3x1_1x3', 2), ('sep_conv_3x3', 3), ('dil_conv_5x5', 4)], normal_concat=range(2, 6), reduce=[('max_pool_5x5', 0), ('none', 1), ('max_pool_3x3', 0), ('max_pool_5x5', 1), ('max_pool_3x3', 2), ('max_pool_5x5', 0), ('max_pool_5x5', 1), ('max_pool_3x3', 2), ('max_pool_3x3', 3), ('max_pool_5x5', 0), ('max_pool_5x5', 1), ('max_pool_3x3', 2), ('max_pool_3x3', 3), ('max_pool_3x3', 4)], reduce_concat=range(2, 6))
2020-04-24 16:00:28,336 Variable containing:
 0.1724  0.1727  0.1666  0.1600  0.1604  0.1678
 0.1703  0.1666  0.1689  0.1611  0.1701  0.1630
 0.1667  0.1694  0.1690  0.1582  0.1643  0.1722
 0.1687  0.1704  0.1706  0.1607  0.1644  0.1652
 0.1663  0.1676  0.1662  0.1617  0.1694  0.1688
 0.1686  0.1646  0.1658  0.1629  0.1663  0.1718
 0.1710  0.1705  0.1649  0.1566  0.1650  0.1721
 0.1621  0.1683  0.1665  0.1612  0.1679  0.1740
 0.1650  0.1670  0.1602  0.1636  0.1727  0.1715
 0.1708  0.1714  0.1698  0.1612  0.1657  0.1612
 0.1733  0.1671  0.1667  0.1605  0.1657  0.1667
 0.1658  0.1730  0.1666  0.1590  0.1646  0.1710
 0.1590  0.1659  0.1763  0.1611  0.1673  0.1704
 0.1684  0.1629  0.1590  0.1668  0.1651  0.1779
[torch.cuda.FloatTensor of size 14x6 (GPU 1)]

2020-04-24 16:00:28,340 Variable containing:
 0.1540  0.1606  0.1521  0.1928  0.1469  0.1936
 0.1781  0.1723  0.1524  0.1739  0.1479  0.1754
 0.1518  0.1539  0.1549  0.1957  0.1487  0.1951
 0.1746  0.1686  0.1539  0.1767  0.1484  0.1778
 0.1692  0.1824  0.1570  0.1847  0.1392  0.1674
 0.1518  0.1568  0.1551  0.1930  0.1488  0.1945
 0.1718  0.1687  0.1544  0.1775  0.1487  0.1790
 0.1655  0.1808  0.1586  0.1871  0.1397  0.1683
 0.1706  0.1819  0.1596  0.1823  0.1410  0.1646
 0.1535  0.1547  0.1536  0.1928  0.1488  0.1968
 0.1739  0.1713  0.1536  0.1748  0.1488  0.1776
 0.1712  0.1776  0.1579  0.1871  0.1399  0.1663
 0.1764  0.1765  0.1594  0.1823  0.1413  0.1641
 0.1790  0.1706  0.1621  0.1819  0.1428  0.1635
[torch.cuda.FloatTensor of size 14x6 (GPU 1)]

2020-04-24 16:00:30,071 train 000 1.213776e+00 53.125000 98.437500
2020-04-24 16:01:44,850 train 050 8.404980e-01 69.515931 97.640931
2020-04-24 16:02:59,611 train 100 8.590670e-01 69.198639 97.756807
2020-04-24 16:04:15,280 train 150 8.460015e-01 70.105546 97.899421
2020-04-24 16:05:30,252 train 200 8.472317e-01 70.040423 97.776741
2020-04-24 16:06:46,086 train 250 8.438619e-01 70.250249 97.796315
2020-04-24 16:08:01,405 train 300 8.430866e-01 70.182724 97.804194
2020-04-24 16:09:16,830 train 350 8.362936e-01 70.454950 97.832087
2020-04-24 16:10:17,377 train_acc 70.536000
2020-04-24 16:10:17,800 valid 000 7.811859e-01 78.125000 96.875000
2020-04-24 16:10:26,178 valid 050 8.001135e-01 72.702206 97.916667
2020-04-24 16:10:34,610 valid 100 7.962333e-01 72.725866 97.679455
2020-04-24 16:10:42,955 valid 150 7.957725e-01 72.464818 97.744205
2020-04-24 16:10:51,378 valid 200 7.972878e-01 72.543532 97.660137
2020-04-24 16:10:59,857 valid 250 7.943508e-01 72.615787 97.727839
2020-04-24 16:11:08,391 valid 300 7.889952e-01 72.721138 97.835341
2020-04-24 16:11:16,818 valid 350 7.901904e-01 72.725249 97.876603
2020-04-24 16:11:23,624 valid_acc 72.696000
2020-04-24 16:11:23,826 epoch 4 lr 2.462300e-02
2020-04-24 16:11:23,827 genotype = Genotype(normal=[('conv_3x1_1x3', 0), ('dil_conv_3x3', 1), ('sep_conv_3x3', 1), ('dil_conv_5x5', 0), ('dil_conv_5x5', 2), ('dil_conv_3x3', 3), ('dil_conv_5x5', 4), ('sep_conv_3x3', 3)], normal_concat=range(2, 6), reduce=[('max_pool_5x5', 0), ('max_pool_5x5', 1), ('max_pool_5x5', 0), ('max_pool_3x3', 2), ('max_pool_5x5', 0), ('max_pool_3x3', 2), ('max_pool_5x5', 0), ('max_pool_3x3', 2)], reduce_concat=range(2, 6))
2020-04-24 16:11:23,828 genotype_all = Genotype(normal=[('conv_3x1_1x3', 0), ('dil_conv_3x3', 1), ('dil_conv_5x5', 0), ('sep_conv_3x3', 1), ('dil_conv_5x5', 2), ('dil_conv_5x5', 0), ('dil_conv_5x5', 1), ('dil_conv_5x5', 2), ('dil_conv_3x3', 3), ('conv_3x1_1x3', 0), ('conv_3x3', 1), ('conv_3x1_1x3', 2), ('sep_conv_3x3', 3), ('dil_conv_5x5', 4)], normal_concat=range(2, 6), reduce=[('max_pool_5x5', 0), ('max_pool_5x5', 1), ('max_pool_5x5', 0), ('max_pool_5x5', 1), ('max_pool_3x3', 2), ('max_pool_5x5', 0), ('max_pool_5x5', 1), ('max_pool_3x3', 2), ('skip_connect', 3), ('max_pool_5x5', 0), ('max_pool_5x5', 1), ('max_pool_3x3', 2), ('max_pool_3x3', 3), ('max_pool_3x3', 4)], reduce_concat=range(2, 6))
2020-04-24 16:11:23,828 Variable containing:
 0.1728  0.1752  0.1657  0.1594  0.1584  0.1686
 0.1707  0.1666  0.1702  0.1602  0.1710  0.1613
 0.1666  0.1710  0.1714  0.1544  0.1641  0.1724
 0.1694  0.1707  0.1735  0.1622  0.1611  0.1631
 0.1665  0.1684  0.1666  0.1608  0.1685  0.1692
 0.1705  0.1642  0.1638  0.1620  0.1674  0.1721
 0.1722  0.1734  0.1638  0.1537  0.1631  0.1738
 0.1622  0.1689  0.1675  0.1589  0.1661  0.1764
 0.1663  0.1668  0.1590  0.1601  0.1743  0.1736
 0.1703  0.1713  0.1707  0.1632  0.1642  0.1602
 0.1720  0.1695  0.1662  0.1602  0.1646  0.1675
 0.1663  0.1744  0.1662  0.1597  0.1627  0.1707
 0.1585  0.1643  0.1803  0.1602  0.1653  0.1714
 0.1669  0.1606  0.1562  0.1677  0.1659  0.1826
[torch.cuda.FloatTensor of size 14x6 (GPU 1)]

2020-04-24 16:11:23,832 Variable containing:
 0.1520  0.1587  0.1486  0.1980  0.1428  0.1999
 0.1788  0.1716  0.1475  0.1791  0.1421  0.1809
 0.1496  0.1511  0.1523  0.2008  0.1454  0.2009
 0.1743  0.1675  0.1494  0.1825  0.1429  0.1835
 0.1715  0.1873  0.1545  0.1880  0.1326  0.1661
 0.1489  0.1554  0.1520  0.1975  0.1453  0.2009
 0.1701  0.1664  0.1502  0.1840  0.1435  0.1858
 0.1646  0.1849  0.1566  0.1925  0.1333  0.1680
 0.1709  0.1874  0.1575  0.1859  0.1348  0.1636
 0.1517  0.1524  0.1509  0.1964  0.1456  0.2030
 0.1739  0.1693  0.1493  0.1804  0.1435  0.1838
 0.1741  0.1807  0.1555  0.1910  0.1334  0.1654
 0.1803  0.1792  0.1570  0.1853  0.1351  0.1630
 0.1836  0.1713  0.1603  0.1851  0.1370  0.1627
[torch.cuda.FloatTensor of size 14x6 (GPU 1)]

2020-04-24 16:11:25,572 train 000 5.922180e-01 81.250000 98.437500
2020-04-24 16:12:39,957 train 050 7.242757e-01 74.295343 98.437500
2020-04-24 16:13:54,304 train 100 7.296147e-01 74.412129 98.360149
2020-04-24 16:15:09,103 train 150 7.275880e-01 74.472268 98.375414
2020-04-24 16:16:24,158 train 200 7.307004e-01 74.339241 98.429726
2020-04-24 16:17:39,298 train 250 7.333398e-01 74.246763 98.406375
2020-04-24 16:18:54,442 train 300 7.250493e-01 74.558762 98.463455
2020-04-24 16:20:10,012 train 350 7.237479e-01 74.750712 98.401887
2020-04-24 16:21:10,723 train_acc 74.896000
2020-04-24 16:21:11,172 valid 000 7.614783e-01 75.000000 98.437500
2020-04-24 16:21:20,076 valid 050 8.123729e-01 73.345588 97.640931
2020-04-24 16:21:29,466 valid 100 8.309366e-01 72.045173 97.803218
2020-04-24 16:21:38,247 valid 150 8.292794e-01 72.154387 97.713162
2020-04-24 16:21:46,745 valid 200 8.207565e-01 72.178172 97.877799
2020-04-24 16:21:55,199 valid 250 8.282342e-01 72.080428 97.839890
2020-04-24 16:22:03,631 valid 300 8.256830e-01 72.061877 97.908015
2020-04-24 16:22:11,904 valid 350 8.251578e-01 71.981838 97.961182
2020-04-24 16:22:18,670 valid_acc 71.812000
2020-04-24 16:22:20,130 epoch 5 lr 2.441268e-02
2020-04-24 16:22:20,131 genotype = Genotype(normal=[('conv_3x1_1x3', 0), ('conv_3x3', 1), ('sep_conv_3x3', 1), ('conv_3x1_1x3', 0), ('dil_conv_5x5', 2), ('dil_conv_5x5', 1), ('sep_conv_3x3', 3), ('dil_conv_5x5', 4)], normal_concat=range(2, 6), reduce=[('max_pool_5x5', 0), ('max_pool_5x5', 1), ('max_pool_3x3', 0), ('skip_connect', 2), ('max_pool_5x5', 0), ('skip_connect', 3), ('max_pool_5x5', 0), ('max_pool_3x3', 2)], reduce_concat=range(2, 6))
2020-04-24 16:22:20,132 genotype_all = Genotype(normal=[('conv_3x1_1x3', 0), ('conv_3x3', 1), ('conv_3x1_1x3', 0), ('sep_conv_3x3', 1), ('sep_conv_3x3', 2), ('dil_conv_5x5', 0), ('dil_conv_5x5', 1), ('dil_conv_5x5', 2), ('dil_conv_3x3', 3), ('conv_3x3', 0), ('conv_3x3', 1), ('conv_3x1_1x3', 2), ('sep_conv_3x3', 3), ('dil_conv_5x5', 4)], normal_concat=range(2, 6), reduce=[('max_pool_5x5', 0), ('max_pool_5x5', 1), ('max_pool_3x3', 0), ('max_pool_3x3', 1), ('skip_connect', 2), ('max_pool_5x5', 0), ('max_pool_3x3', 1), ('max_pool_3x3', 2), ('skip_connect', 3), ('max_pool_5x5', 0), ('max_pool_5x5', 1), ('max_pool_3x3', 2), ('skip_connect', 3), ('none', 4)], reduce_concat=range(2, 6))
2020-04-24 16:22:20,132 Variable containing:
 0.1730  0.1789  0.1678  0.1583  0.1557  0.1663
 0.1724  0.1674  0.1710  0.1606  0.1699  0.1587
 0.1681  0.1750  0.1710  0.1503  0.1633  0.1723
 0.1712  0.1705  0.1756  0.1601  0.1601  0.1624
 0.1681  0.1693  0.1726  0.1567  0.1665  0.1668
 0.1715  0.1650  0.1636  0.1606  0.1669  0.1724
 0.1729  0.1736  0.1642  0.1504  0.1624  0.1765
 0.1606  0.1686  0.1686  0.1585  0.1645  0.1792
 0.1672  0.1673  0.1575  0.1611  0.1740  0.1730
 0.1728  0.1722  0.1707  0.1617  0.1639  0.1586
 0.1717  0.1696  0.1671  0.1608  0.1637  0.1671
 0.1681  0.1782  0.1656  0.1573  0.1612  0.1697
 0.1592  0.1610  0.1846  0.1591  0.1648  0.1714
 0.1666  0.1603  0.1554  0.1677  0.1674  0.1826
[torch.cuda.FloatTensor of size 14x6 (GPU 1)]

2020-04-24 16:22:20,135 Variable containing:
 0.1513  0.1597  0.1458  0.2023  0.1383  0.2027
 0.1775  0.1701  0.1459  0.1837  0.1384  0.1844
 0.1478  0.1494  0.1509  0.2062  0.1421  0.2036
 0.1717  0.1666  0.1479  0.1876  0.1395  0.1867
 0.1733  0.1948  0.1542  0.1887  0.1273  0.1617
 0.1467  0.1540  0.1504  0.2025  0.1419  0.2046
 0.1677  0.1644  0.1494  0.1889  0.1408  0.1888
 0.1658  0.1915  0.1563  0.1941  0.1280  0.1643
 0.1735  0.1947  0.1570  0.1858  0.1296  0.1595
 0.1502  0.1498  0.1501  0.2012  0.1428  0.2058
 0.1715  0.1662  0.1483  0.1859  0.1407  0.1874
 0.1762  0.1868  0.1553  0.1924  0.1280  0.1613
 0.1848  0.1850  0.1567  0.1850  0.1299  0.1587
 0.1897  0.1745  0.1603  0.1848  0.1322  0.1586
[torch.cuda.FloatTensor of size 14x6 (GPU 1)]

2020-04-24 16:22:21,952 train 000 8.571628e-01 71.875000 100.000000
2020-04-24 16:23:38,691 train 050 6.743157e-01 76.102941 98.897059
2020-04-24 16:24:55,149 train 100 6.638203e-01 76.779084 98.731436
2020-04-24 16:26:11,214 train 150 6.506376e-01 77.400662 98.654801
2020-04-24 16:27:32,850 train 200 6.463093e-01 77.596393 98.686256
2020-04-24 16:28:52,307 train 250 6.533455e-01 77.421564 98.580677
2020-04-24 16:30:07,801 train 300 6.527905e-01 77.320390 98.660714
2020-04-24 16:31:22,150 train 350 6.500497e-01 77.403846 98.646724
2020-04-24 16:32:22,405 train_acc 77.308000
2020-04-24 16:32:22,892 valid 000 7.655792e-01 70.312500 100.000000
2020-04-24 16:32:31,223 valid 050 6.760094e-01 77.144608 98.406863
2020-04-24 16:32:39,608 valid 100 6.619151e-01 77.691832 98.437500
2020-04-24 16:32:47,985 valid 150 6.678767e-01 77.442053 98.385762
2020-04-24 16:32:56,398 valid 200 6.727499e-01 77.145522 98.468595
2020-04-24 16:33:04,649 valid 250 6.752339e-01 77.172560 98.418825
2020-04-24 16:33:12,896 valid 300 6.738571e-01 77.206188 98.421927
2020-04-24 16:33:21,734 valid 350 6.802718e-01 76.842949 98.415242
2020-04-24 16:33:29,557 valid_acc 76.728000
2020-04-24 16:33:30,117 epoch 6 lr 2.415732e-02
2020-04-24 16:33:30,118 genotype = Genotype(normal=[('conv_3x1_1x3', 0), ('conv_3x3', 1), ('sep_conv_3x3', 1), ('conv_3x1_1x3', 0), ('dil_conv_5x5', 2), ('dil_conv_5x5', 1), ('sep_conv_3x3', 3), ('dil_conv_5x5', 4)], normal_concat=range(2, 6), reduce=[('max_pool_3x3', 0), ('max_pool_5x5', 1), ('max_pool_3x3', 0), ('skip_connect', 2), ('max_pool_5x5', 0), ('skip_connect', 3), ('max_pool_5x5', 0), ('none', 4)], reduce_concat=range(2, 6))
2020-04-24 16:33:30,119 genotype_all = Genotype(normal=[('conv_3x1_1x3', 0), ('conv_3x3', 1), ('conv_3x1_1x3', 0), ('sep_conv_3x3', 1), ('sep_conv_3x3', 2), ('dil_conv_5x5', 0), ('dil_conv_5x5', 1), ('dil_conv_5x5', 2), ('dil_conv_5x5', 3), ('conv_3x1_1x3', 0), ('conv_3x3', 1), ('conv_3x1_1x3', 2), ('sep_conv_3x3', 3), ('dil_conv_5x5', 4)], normal_concat=range(2, 6), reduce=[('max_pool_3x3', 0), ('max_pool_5x5', 1), ('max_pool_3x3', 0), ('max_pool_3x3', 1), ('skip_connect', 2), ('max_pool_5x5', 0), ('max_pool_3x3', 1), ('skip_connect', 2), ('skip_connect', 3), ('max_pool_5x5', 0), ('max_pool_3x3', 1), ('max_pool_3x3', 2), ('skip_connect', 3), ('none', 4)], reduce_concat=range(2, 6))
2020-04-24 16:33:30,119 Variable containing:
 0.1729  0.1816  0.1680  0.1581  0.1525  0.1668
 0.1739  0.1690  0.1725  0.1592  0.1688  0.1565
 0.1686  0.1768  0.1727  0.1476  0.1640  0.1703
 0.1714  0.1706  0.1785  0.1588  0.1581  0.1627
 0.1685  0.1688  0.1729  0.1579  0.1638  0.1682
 0.1734  0.1648  0.1614  0.1597  0.1673  0.1734
 0.1753  0.1730  0.1642  0.1467  0.1621  0.1787
 0.1581  0.1690  0.1684  0.1576  0.1631  0.1838
 0.1672  0.1683  0.1559  0.1621  0.1722  0.1743
 0.1709  0.1734  0.1716  0.1604  0.1640  0.1596
 0.1719  0.1711  0.1673  0.1612  0.1620  0.1664
 0.1695  0.1788  0.1661  0.1580  0.1575  0.1701
 0.1584  0.1607  0.1864  0.1572  0.1648  0.1726
 0.1667  0.1587  0.1565  0.1699  0.1658  0.1824
[torch.cuda.FloatTensor of size 14x6 (GPU 1)]

2020-04-24 16:33:30,124 Variable containing:
 0.1494  0.1600  0.1434  0.2066  0.1348  0.2058
 0.1774  0.1686  0.1450  0.1865  0.1358  0.1867
 0.1457  0.1470  0.1499  0.2115  0.1393  0.2066
 0.1698  0.1679  0.1473  0.1900  0.1371  0.1879
 0.1748  0.2015  0.1526  0.1906  0.1217  0.1588
 0.1443  0.1532  0.1489  0.2072  0.1389  0.2075
 0.1654  0.1638  0.1495  0.1918  0.1390  0.1905
 0.1672  0.1978  0.1549  0.1959  0.1226  0.1616
 0.1758  0.2019  0.1555  0.1862  0.1243  0.1563
 0.1487  0.1478  0.1491  0.2053  0.1404  0.2087
 0.1702  0.1634  0.1491  0.1890  0.1393  0.1890
 0.1797  0.1920  0.1536  0.1939  0.1223  0.1586
 0.1895  0.1900  0.1549  0.1857  0.1243  0.1556
 0.1959  0.1768  0.1589  0.1855  0.1270  0.1559
[torch.cuda.FloatTensor of size 14x6 (GPU 1)]

2020-04-24 16:33:31,811 train 000 6.981754e-01 71.875000 100.000000
2020-04-24 16:34:51,984 train 050 5.820170e-01 79.564951 99.019608
2020-04-24 16:36:08,329 train 100 5.855979e-01 79.532797 99.087252
2020-04-24 16:37:24,731 train 150 5.878892e-01 79.521937 99.089404
2020-04-24 16:38:41,789 train 200 5.902990e-01 79.532027 98.981654
2020-04-24 16:39:58,447 train 250 5.940359e-01 79.376245 98.954183
2020-04-24 16:41:15,622 train 300 5.896338e-01 79.526578 98.946221
2020-04-24 16:42:32,140 train 350 5.888657e-01 79.522792 98.962785
2020-04-24 16:43:32,673 train_acc 79.480000
2020-04-24 16:43:33,133 valid 000 5.389963e-01 79.687500 100.000000
2020-04-24 16:43:42,549 valid 050 6.759464e-01 76.776961 98.161765
2020-04-24 16:43:51,508 valid 100 6.756947e-01 76.918317 98.375619
2020-04-24 16:44:00,356 valid 150 6.678910e-01 77.317881 98.427152
2020-04-24 16:44:10,451 valid 200 6.649874e-01 77.402052 98.460821
2020-04-24 16:44:19,019 valid 250 6.656974e-01 77.402888 98.412600
2020-04-24 16:44:27,826 valid 300 6.700507e-01 77.237334 98.385590
2020-04-24 16:44:36,911 valid 350 6.710504e-01 77.163462 98.375178
2020-04-24 16:44:44,016 valid_acc 77.328000
2020-04-24 16:44:45,078 epoch 7 lr 2.385792e-02
2020-04-24 16:44:45,084 genotype = Genotype(normal=[('conv_3x1_1x3', 0), ('conv_3x3', 1), ('sep_conv_3x3', 1), ('conv_3x1_1x3', 0), ('dil_conv_5x5', 2), ('dil_conv_5x5', 1), ('sep_conv_3x3', 3), ('conv_3x1_1x3', 2)], normal_concat=range(2, 6), reduce=[('max_pool_3x3', 0), ('max_pool_3x3', 1), ('max_pool_3x3', 0), ('skip_connect', 2), ('max_pool_5x5', 0), ('skip_connect', 3), ('max_pool_5x5', 0), ('none', 4)], reduce_concat=range(2, 6))
2020-04-24 16:44:45,085 genotype_all = Genotype(normal=[('conv_3x1_1x3', 0), ('conv_3x3', 1), ('conv_3x1_1x3', 0), ('sep_conv_3x3', 1), ('sep_conv_3x3', 2), ('conv_3x3', 0), ('dil_conv_5x5', 1), ('dil_conv_5x5', 2), ('dil_conv_5x5', 3), ('conv_3x1_1x3', 0), ('conv_3x3', 1), ('conv_3x1_1x3', 2), ('sep_conv_3x3', 3), ('dil_conv_5x5', 4)], normal_concat=range(2, 6), reduce=[('max_pool_3x3', 0), ('max_pool_3x3', 1), ('max_pool_3x3', 0), ('max_pool_3x3', 1), ('skip_connect', 2), ('max_pool_5x5', 0), ('max_pool_3x3', 1), ('skip_connect', 2), ('skip_connect', 3), ('max_pool_5x5', 0), ('max_pool_3x3', 1), ('skip_connect', 2), ('skip_connect', 3), ('none', 4)], reduce_concat=range(2, 6))
2020-04-24 16:44:45,085 Variable containing:
 0.1712  0.1829  0.1692  0.1568  0.1531  0.1668
 0.1749  0.1699  0.1718  0.1582  0.1696  0.1556
 0.1681  0.1791  0.1752  0.1453  0.1616  0.1707
 0.1708  0.1700  0.1812  0.1577  0.1571  0.1632
 0.1686  0.1698  0.1723  0.1579  0.1631  0.1683
 0.1750  0.1637  0.1604  0.1586  0.1681  0.1742
 0.1776  0.1737  0.1641  0.1431  0.1619  0.1796
 0.1576  0.1683  0.1677  0.1562  0.1628  0.1874
 0.1671  0.1693  0.1554  0.1618  0.1715  0.1749
 0.1694  0.1746  0.1722  0.1609  0.1628  0.1601
 0.1741  0.1697  0.1678  0.1615  0.1604  0.1665
 0.1724  0.1820  0.1661  0.1561  0.1562  0.1672
 0.1577  0.1597  0.1869  0.1556  0.1641  0.1761
 0.1675  0.1577  0.1553  0.1717  0.1658  0.1819
[torch.cuda.FloatTensor of size 14x6 (GPU 1)]

2020-04-24 16:44:45,088 Variable containing:
 0.1462  0.1584  0.1425  0.2109  0.1325  0.2095
 0.1797  0.1709  0.1441  0.1867  0.1339  0.1847
 0.1418  0.1438  0.1498  0.2168  0.1376  0.2102
 0.1706  0.1681  0.1478  0.1914  0.1363  0.1858
 0.1762  0.2092  0.1540  0.1884  0.1187  0.1535
 0.1400  0.1516  0.1488  0.2110  0.1373  0.2112
 0.1659  0.1641  0.1505  0.1933  0.1383  0.1880
 0.1688  0.2051  0.1563  0.1940  0.1195  0.1563
 0.1793  0.2090  0.1561  0.1831  0.1213  0.1512
 0.1449  0.1447  0.1493  0.2094  0.1391  0.2126
 0.1707  0.1632  0.1504  0.1906  0.1386  0.1865
 0.1813  0.1987  0.1547  0.1919  0.1193  0.1540
 0.1935  0.1959  0.1554  0.1827  0.1214  0.1512
 0.2011  0.1807  0.1597  0.1826  0.1244  0.1515
[torch.cuda.FloatTensor of size 14x6 (GPU 1)]

2020-04-24 16:44:46,860 train 000 5.564580e-01 79.687500 98.437500
2020-04-24 16:46:03,997 train 050 5.426827e-01 81.770833 99.019608
2020-04-24 16:47:20,037 train 100 5.417535e-01 81.157178 99.118193
2020-04-24 16:48:35,188 train 150 5.481250e-01 80.742964 99.130795
2020-04-24 16:49:51,476 train 200 5.480657e-01 80.884639 99.129353
2020-04-24 16:51:07,959 train 250 5.486854e-01 80.913845 99.140936
2020-04-24 16:52:24,572 train 300 5.488440e-01 81.042359 99.081188
2020-04-24 16:53:41,059 train 350 5.518475e-01 80.996261 99.091880
2020-04-24 16:54:41,522 train_acc 81.096000
2020-04-24 16:54:41,984 valid 000 7.303492e-01 73.437500 98.437500
2020-04-24 16:54:50,453 valid 050 6.194149e-01 78.615196 98.958333
2020-04-24 16:54:58,801 valid 100 5.982706e-01 79.455446 99.087252
2020-04-24 16:55:07,303 valid 150 5.984147e-01 79.573675 99.037666
2020-04-24 16:55:15,791 valid 200 5.944976e-01 79.780784 98.935012
2020-04-24 16:55:24,221 valid 250 5.938018e-01 79.812002 98.910608
2020-04-24 16:55:32,664 valid 300 5.972266e-01 79.713455 98.915075
2020-04-24 16:55:41,123 valid 350 5.997057e-01 79.625178 98.927172
2020-04-24 16:55:47,834 valid_acc 79.584000
2020-04-24 16:55:48,273 epoch 8 lr 2.351568e-02
2020-04-24 16:55:48,276 genotype = Genotype(normal=[('conv_3x1_1x3', 0), ('conv_3x3', 1), ('sep_conv_3x3', 1), ('conv_3x1_1x3', 0), ('dil_conv_5x5', 2), ('dil_conv_5x5', 1), ('sep_conv_3x3', 3), ('dil_conv_5x5', 4)], normal_concat=range(2, 6), reduce=[('max_pool_3x3', 0), ('max_pool_3x3', 1), ('max_pool_3x3', 0), ('skip_connect', 2), ('skip_connect', 3), ('max_pool_3x3', 0), ('max_pool_5x5', 0), ('none', 4)], reduce_concat=range(2, 6))
2020-04-24 16:55:48,277 genotype_all = Genotype(normal=[('conv_3x1_1x3', 0), ('conv_3x3', 1), ('conv_3x1_1x3', 0), ('sep_conv_3x3', 1), ('sep_conv_3x3', 2), ('conv_3x3', 0), ('dil_conv_5x5', 1), ('dil_conv_5x5', 2), ('dil_conv_5x5', 3), ('sep_conv_3x3', 0), ('conv_3x3', 1), ('conv_3x1_1x3', 2), ('sep_conv_3x3', 3), ('dil_conv_5x5', 4)], normal_concat=range(2, 6), reduce=[('max_pool_3x3', 0), ('max_pool_3x3', 1), ('max_pool_3x3', 0), ('max_pool_3x3', 1), ('skip_connect', 2), ('max_pool_3x3', 0), ('max_pool_3x3', 1), ('skip_connect', 2), ('skip_connect', 3), ('max_pool_5x5', 0), ('max_pool_3x3', 1), ('skip_connect', 2), ('skip_connect', 3), ('none', 4)], reduce_concat=range(2, 6))
2020-04-24 16:55:48,277 Variable containing:
 0.1700  0.1821  0.1708  0.1570  0.1504  0.1696
 0.1764  0.1711  0.1725  0.1559  0.1690  0.1551
 0.1664  0.1790  0.1779  0.1456  0.1600  0.1711
 0.1729  0.1709  0.1836  0.1555  0.1545  0.1626
 0.1671  0.1697  0.1736  0.1572  0.1626  0.1699
 0.1777  0.1636  0.1593  0.1568  0.1673  0.1754
 0.1795  0.1752  0.1628  0.1413  0.1595  0.1817
 0.1573  0.1697  0.1659  0.1568  0.1618  0.1885
 0.1684  0.1701  0.1544  0.1620  0.1715  0.1736
 0.1674  0.1727  0.1750  0.1607  0.1648  0.1593
 0.1766  0.1686  0.1692  0.1600  0.1603  0.1653
 0.1742  0.1815  0.1655  0.1553  0.1569  0.1665
 0.1607  0.1600  0.1889  0.1517  0.1619  0.1768
 0.1669  0.1579  0.1547  0.1731  0.1645  0.1829
[torch.cuda.FloatTensor of size 14x6 (GPU 1)]

2020-04-24 16:55:48,283 Variable containing:
 0.1461  0.1584  0.1421  0.2118  0.1318  0.2098
 0.1777  0.1682  0.1434  0.1912  0.1321  0.1874
 0.1412  0.1440  0.1497  0.2176  0.1376  0.2098
 0.1687  0.1650  0.1478  0.1955  0.1351  0.1879
 0.1785  0.2148  0.1547  0.1866  0.1158  0.1496
 0.1384  0.1514  0.1491  0.2123  0.1375  0.2113
 0.1639  0.1625  0.1503  0.1963  0.1374  0.1896
 0.1684  0.2107  0.1575  0.1929  0.1173  0.1533
 0.1796  0.2144  0.1557  0.1825  0.1188  0.1489
 0.1445  0.1449  0.1496  0.2106  0.1387  0.2117
 0.1688  0.1609  0.1505  0.1938  0.1377  0.1883
 0.1837  0.2038  0.1549  0.1902  0.1165  0.1510
 0.1973  0.1990  0.1544  0.1818  0.1185  0.1489
 0.2058  0.1820  0.1589  0.1821  0.1218  0.1493
[torch.cuda.FloatTensor of size 14x6 (GPU 1)]

2020-04-24 16:55:49,983 train 000 3.028005e-01 89.062500 100.000000
2020-04-24 16:57:06,913 train 050 4.774680e-01 83.823529 99.325980
2020-04-24 16:58:23,688 train 100 4.847030e-01 83.493193 99.118193
2020-04-24 16:59:40,116 train 150 5.022768e-01 82.874586 99.151490
2020-04-24 17:00:56,722 train 200 4.901272e-01 83.333333 99.152674
2020-04-24 17:02:13,764 train 250 5.021592e-01 82.918327 99.209412
2020-04-24 17:03:29,884 train 300 5.059404e-01 82.708679 99.205772
2020-04-24 17:04:46,972 train 350 5.042433e-01 82.736823 99.229879
2020-04-24 17:05:48,550 train_acc 82.796000
2020-04-24 17:05:49,023 valid 000 4.477724e-01 81.250000 98.437500
2020-04-24 17:05:57,477 valid 050 5.580015e-01 80.606618 98.958333
2020-04-24 17:06:05,751 valid 100 5.388993e-01 81.033416 98.994431
2020-04-24 17:06:14,156 valid 150 5.637141e-01 80.463576 99.006623
2020-04-24 17:06:23,448 valid 200 5.629319e-01 80.503731 98.973881
2020-04-24 17:06:33,361 valid 250 5.681098e-01 80.459412 98.923058
2020-04-24 17:06:42,900 valid 300 5.647797e-01 80.642650 98.987749
2020-04-24 17:06:51,342 valid 350 5.641228e-01 80.684651 99.002849
2020-04-24 17:06:58,068 valid_acc 80.728000
2020-04-24 17:06:59,727 epoch 9 lr 2.313194e-02
2020-04-24 17:06:59,729 genotype = Genotype(normal=[('conv_3x1_1x3', 0), ('conv_3x3', 1), ('sep_conv_3x3', 1), ('conv_3x1_1x3', 0), ('dil_conv_5x5', 2), ('dil_conv_5x5', 1), ('sep_conv_3x3', 3), ('conv_3x1_1x3', 2)], normal_concat=range(2, 6), reduce=[('max_pool_3x3', 0), ('max_pool_3x3', 1), ('max_pool_3x3', 0), ('skip_connect', 2), ('skip_connect', 3), ('skip_connect', 2), ('max_pool_3x3', 0), ('none', 4)], reduce_concat=range(2, 6))
2020-04-24 17:06:59,729 genotype_all = Genotype(normal=[('conv_3x1_1x3', 0), ('conv_3x3', 1), ('conv_3x1_1x3', 0), ('sep_conv_3x3', 1), ('sep_conv_3x3', 2), ('conv_3x3', 0), ('dil_conv_5x5', 1), ('dil_conv_5x5', 2), ('dil_conv_5x5', 3), ('sep_conv_3x3', 0), ('conv_3x3', 1), ('conv_3x1_1x3', 2), ('sep_conv_3x3', 3), ('dil_conv_5x5', 4)], normal_concat=range(2, 6), reduce=[('max_pool_3x3', 0), ('max_pool_3x3', 1), ('max_pool_3x3', 0), ('max_pool_3x3', 1), ('skip_connect', 2), ('max_pool_3x3', 0), ('max_pool_3x3', 1), ('skip_connect', 2), ('skip_connect', 3), ('max_pool_3x3', 0), ('max_pool_3x3', 1), ('skip_connect', 2), ('skip_connect', 3), ('none', 4)], reduce_concat=range(2, 6))
2020-04-24 17:06:59,730 Variable containing:
 0.1683  0.1827  0.1724  0.1573  0.1486  0.1707
 0.1780  0.1720  0.1735  0.1523  0.1683  0.1560
 0.1674  0.1829  0.1784  0.1439  0.1600  0.1673
 0.1741  0.1719  0.1876  0.1519  0.1524  0.1621
 0.1694  0.1699  0.1746  0.1564  0.1612  0.1686
 0.1781  0.1615  0.1596  0.1561  0.1673  0.1773
 0.1805  0.1726  0.1639  0.1384  0.1602  0.1844
 0.1561  0.1697  0.1669  0.1550  0.1626  0.1897
 0.1659  0.1709  0.1532  0.1627  0.1729  0.1746
 0.1663  0.1725  0.1746  0.1615  0.1650  0.1602
 0.1770  0.1669  0.1694  0.1602  0.1589  0.1676
 0.1757  0.1837  0.1671  0.1552  0.1537  0.1646
 0.1618  0.1580  0.1890  0.1494  0.1634  0.1784
 0.1668  0.1586  0.1556  0.1744  0.1632  0.1813
[torch.cuda.FloatTensor of size 14x6 (GPU 1)]

2020-04-24 17:06:59,738 Variable containing:
 0.1442  0.1565  0.1413  0.2168  0.1290  0.2121
 0.1777  0.1657  0.1423  0.1947  0.1296  0.1900
 0.1393  0.1417  0.1495  0.2227  0.1352  0.2115
 0.1679  0.1631  0.1473  0.1987  0.1331  0.1899
 0.1810  0.2212  0.1537  0.1853  0.1127  0.1461
 0.1361  0.1501  0.1492  0.2165  0.1354  0.2127
 0.1629  0.1600  0.1501  0.1996  0.1357  0.1917
 0.1695  0.2166  0.1570  0.1921  0.1146  0.1502
 0.1815  0.2206  0.1550  0.1809  0.1162  0.1459
 0.1429  0.1439  0.1499  0.2137  0.1371  0.2125
 0.1675  0.1595  0.1504  0.1963  0.1363  0.1901
 0.1854  0.2088  0.1545  0.1892  0.1140  0.1481
 0.2002  0.2033  0.1539  0.1803  0.1162  0.1461
 0.2102  0.1844  0.1586  0.1806  0.1197  0.1466
[torch.cuda.FloatTensor of size 14x6 (GPU 1)]

2020-04-24 17:07:01,491 train 000 4.344853e-01 84.375000 98.437500
2020-04-24 17:08:16,523 train 050 4.562989e-01 83.976716 99.417892
2020-04-24 17:09:32,131 train 100 4.748566e-01 83.446782 99.211015
2020-04-24 17:10:48,527 train 150 4.671254e-01 83.816225 99.275662
2020-04-24 17:12:05,534 train 200 4.603624e-01 84.001866 99.315920
2020-04-24 17:13:22,189 train 250 4.614231e-01 84.069970 99.340139
2020-04-24 17:14:38,073 train 300 4.620734e-01 84.037583 99.309593
2020-04-24 17:15:55,533 train 350 4.631741e-01 84.001068 99.358974
2020-04-24 17:16:56,649 train_acc 83.760000
2020-04-24 17:16:57,083 valid 000 6.156566e-01 79.687500 100.000000
2020-04-24 17:17:05,473 valid 050 5.607249e-01 81.096814 99.111520
2020-04-24 17:17:13,917 valid 100 5.465223e-01 80.863243 99.056312
2020-04-24 17:17:22,386 valid 150 5.489898e-01 80.949917 99.016970
2020-04-24 17:17:30,914 valid 200 5.440289e-01 81.218905 99.067164
2020-04-24 17:17:39,411 valid 250 5.531343e-01 81.013446 98.910608
2020-04-24 17:17:47,842 valid 300 5.537564e-01 81.006022 98.904693
2020-04-24 17:17:56,240 valid 350 5.565231e-01 80.911681 98.882657
2020-04-24 17:18:03,574 valid_acc 80.920000
2020-04-24 17:18:06,023 epoch 10 lr 2.270820e-02
2020-04-24 17:18:06,025 genotype = Genotype(normal=[('conv_3x1_1x3', 0), ('conv_3x3', 1), ('sep_conv_3x3', 1), ('conv_3x1_1x3', 0), ('dil_conv_5x5', 2), ('dil_conv_5x5', 1), ('sep_conv_3x3', 3), ('conv_3x1_1x3', 2)], normal_concat=range(2, 6), reduce=[('max_pool_3x3', 0), ('max_pool_3x3', 1), ('max_pool_3x3', 0), ('skip_connect', 2), ('skip_connect', 3), ('max_pool_3x3', 0), ('max_pool_3x3', 0), ('none', 4)], reduce_concat=range(2, 6))
