2020-04-21 21:29:25,603 gpu device = 0
2020-04-21 21:29:25,603 args = Namespace(arch_learning_rate=0.0003, arch_weight_decay=0.001, batch_size=64, cutout=False, cutout_length=16, data='./data', drop_path_prob=0.3, epochs=50, gpu=0, grad_clip=5, init_channels=16, layers=8, learning_rate=0.025, learning_rate_min=0.001, model_path='saved_models', momentum=0.9, report_freq=50, save='n=0.1-search-EXP-20200421-212923', seed=2, train_portion=0.5, unrolled=False, weight_decay=0.0003)
2020-04-21 21:29:27,495 param size = 3.621370MB
2020-04-21 21:29:28,533 epoch 0 lr 2.500000e-02
2020-04-21 21:29:28,534 genotype = Genotype(normal=[('sep_conv_3x3', 1), ('dil_conv_5x5', 0), ('sep_conv_3x3', 0), ('conv_3x1_1x3', 2), ('dil_conv_3x3', 1), ('sep_conv_3x3', 2), ('conv_3x1_1x3', 3), ('sep_conv_5x5', 2)], normal_concat=range(2, 6), reduce=[('max_pool_5x5', 0), ('avg_pool_3x3', 1), ('skip_connect', 1), ('max_pool_5x5', 0), ('max_pool_3x3', 0), ('avg_pool_3x3', 1), ('max_pool_3x3', 0), ('avg_pool_5x5', 4)], reduce_concat=range(2, 6))
2020-04-21 21:29:28,535 genotype_all = Genotype(normal=[('dil_conv_5x5', 0), ('sep_conv_3x3', 1), ('sep_conv_3x3', 0), ('conv_3x3', 1), ('conv_3x1_1x3', 2), ('sep_conv_5x5', 0), ('dil_conv_3x3', 1), ('sep_conv_3x3', 2), ('dil_conv_3x3', 3), ('dil_conv_3x3', 0), ('sep_conv_3x3', 1), ('sep_conv_5x5', 2), ('conv_3x1_1x3', 3), ('dil_conv_5x5', 4)], normal_concat=range(2, 6), reduce=[('max_pool_5x5', 0), ('avg_pool_3x3', 1), ('max_pool_5x5', 0), ('skip_connect', 1), ('none', 2), ('max_pool_3x3', 0), ('avg_pool_3x3', 1), ('avg_pool_3x3', 2), ('max_pool_5x5', 3), ('max_pool_3x3', 0), ('avg_pool_3x3', 1), ('skip_connect', 2), ('avg_pool_3x3', 3), ('avg_pool_5x5', 4)], reduce_concat=range(2, 6))
2020-04-21 21:29:28,535 Variable containing:
 0.1667  0.1664  0.1668  0.1666  0.1666  0.1668
 0.1666  0.1665  0.1669  0.1666  0.1667  0.1667
 0.1668  0.1666  0.1670  0.1666  0.1666  0.1664
 0.1669  0.1668  0.1663  0.1668  0.1666  0.1666
 0.1666  0.1669  0.1667  0.1664  0.1667  0.1666
 0.1666  0.1666  0.1667  0.1668  0.1667  0.1666
 0.1664  0.1666  0.1666  0.1667  0.1670  0.1668
 0.1664  0.1668  0.1669  0.1668  0.1664  0.1665
 0.1666  0.1667  0.1666  0.1667  0.1668  0.1666
 0.1668  0.1665  0.1665  0.1667  0.1668  0.1666
 0.1666  0.1667  0.1669  0.1668  0.1664  0.1668
 0.1664  0.1668  0.1665  0.1670  0.1666  0.1667
 0.1667  0.1670  0.1665  0.1667  0.1666  0.1664
 0.1665  0.1665  0.1667  0.1667  0.1666  0.1669
[torch.cuda.FloatTensor of size 14x6 (GPU 0)]

2020-04-21 21:29:28,538 Variable containing:
 0.1668  0.1667  0.1663  0.1665  0.1669  0.1669
 0.1665  0.1666  0.1669  0.1666  0.1668  0.1665
 0.1669  0.1665  0.1664  0.1666  0.1667  0.1669
 0.1669  0.1670  0.1664  0.1665  0.1665  0.1666
 0.1669  0.1666  0.1665  0.1666  0.1667  0.1666
 0.1667  0.1667  0.1666  0.1669  0.1665  0.1665
 0.1664  0.1668  0.1668  0.1667  0.1665  0.1667
 0.1665  0.1667  0.1668  0.1666  0.1667  0.1666
 0.1667  0.1666  0.1668  0.1665  0.1666  0.1668
 0.1666  0.1666  0.1664  0.1669  0.1667  0.1668
 0.1666  0.1666  0.1668  0.1666  0.1666  0.1667
 0.1668  0.1668  0.1665  0.1667  0.1666  0.1667
 0.1666  0.1667  0.1668  0.1664  0.1667  0.1667
 0.1666  0.1666  0.1666  0.1668  0.1669  0.1667
[torch.cuda.FloatTensor of size 14x6 (GPU 0)]

2020-04-21 21:29:32,558 train 000 2.315760e+00 7.812500 46.875000
2020-04-21 21:30:43,374 train 050 2.026974e+00 24.417892 78.155637
2020-04-21 21:31:55,968 train 100 1.922759e+00 28.418936 82.240099
2020-04-21 21:33:10,458 train 150 1.859997e+00 30.442881 83.940397
2020-04-21 21:34:24,481 train 200 1.805053e+00 32.486007 85.432214
2020-04-21 21:35:38,619 train 250 1.761962e+00 34.063745 86.466633
2020-04-21 21:36:52,154 train 300 1.724280e+00 35.496262 87.256022
2020-04-21 21:38:06,526 train 350 1.684781e+00 37.112714 87.985221
2020-04-21 21:39:06,520 train_acc 38.168000
2020-04-21 21:39:06,908 valid 000 1.314785e+00 45.312500 96.875000
2020-04-21 21:39:16,864 valid 050 1.408437e+00 48.774510 93.229167
2020-04-21 21:39:25,983 valid 100 1.418379e+00 48.422030 93.285891
2020-04-21 21:39:34,846 valid 150 1.403671e+00 48.882450 93.398179
2020-04-21 21:39:44,102 valid 200 1.402008e+00 49.113806 93.462376
2020-04-21 21:39:54,720 valid 250 1.398493e+00 49.333914 93.525896
2020-04-21 21:40:04,420 valid 300 1.400025e+00 49.242110 93.422965
2020-04-21 21:40:13,289 valid 350 1.398805e+00 49.158654 93.496261
2020-04-21 21:40:20,258 valid_acc 48.960000
2020-04-21 21:40:20,414 epoch 1 lr 2.497632e-02
2020-04-21 21:40:20,415 genotype = Genotype(normal=[('dil_conv_5x5', 1), ('conv_3x3', 0), ('conv_3x3', 1), ('dil_conv_5x5', 2), ('dil_conv_3x3', 0), ('dil_conv_3x3', 3), ('dil_conv_3x3', 3), ('dil_conv_5x5', 2)], normal_concat=range(2, 6), reduce=[('max_pool_3x3', 0), ('max_pool_3x3', 1), ('max_pool_3x3', 0), ('skip_connect', 2), ('max_pool_3x3', 0), ('skip_connect', 2), ('max_pool_3x3', 0), ('skip_connect', 2)], reduce_concat=range(2, 6))
2020-04-21 21:40:20,415 genotype_all = Genotype(normal=[('conv_3x3', 0), ('dil_conv_5x5', 1), ('dil_conv_3x3', 0), ('conv_3x3', 1), ('dil_conv_5x5', 2), ('dil_conv_3x3', 0), ('dil_conv_3x3', 1), ('sep_conv_3x3', 2), ('dil_conv_3x3', 3), ('conv_3x3', 0), ('conv_3x3', 1), ('dil_conv_5x5', 2), ('dil_conv_3x3', 3), ('dil_conv_5x5', 4)], normal_concat=range(2, 6), reduce=[('max_pool_3x3', 0), ('max_pool_3x3', 1), ('max_pool_3x3', 0), ('max_pool_3x3', 1), ('skip_connect', 2), ('max_pool_3x3', 0), ('max_pool_3x3', 1), ('skip_connect', 2), ('skip_connect', 3), ('max_pool_3x3', 0), ('max_pool_3x3', 1), ('skip_connect', 2), ('skip_connect', 3), ('none', 4)], reduce_concat=range(2, 6))
2020-04-21 21:40:20,416 Variable containing:
 0.1682  0.1681  0.1649  0.1626  0.1680  0.1681
 0.1669  0.1671  0.1654  0.1651  0.1670  0.1684
 0.1671  0.1677  0.1673  0.1651  0.1677  0.1650
 0.1683  0.1682  0.1654  0.1645  0.1675  0.1660
 0.1666  0.1670  0.1671  0.1646  0.1669  0.1678
 0.1663  0.1662  0.1666  0.1645  0.1697  0.1667
 0.1665  0.1675  0.1663  0.1663  0.1682  0.1652
 0.1657  0.1655  0.1684  0.1655  0.1666  0.1683
 0.1659  0.1677  0.1659  0.1635  0.1687  0.1682
 0.1682  0.1670  0.1654  0.1657  0.1681  0.1655
 0.1682  0.1659  0.1660  0.1656  0.1672  0.1671
 0.1654  0.1676  0.1661  0.1661  0.1661  0.1687
 0.1667  0.1674  0.1654  0.1650  0.1691  0.1664
 0.1670  0.1663  0.1656  0.1652  0.1677  0.1682
[torch.cuda.FloatTensor of size 14x6 (GPU 0)]

2020-04-21 21:40:20,419 Variable containing:
 0.1618  0.1641  0.1617  0.1768  0.1601  0.1755
 0.1696  0.1670  0.1622  0.1718  0.1593  0.1701
 0.1604  0.1617  0.1635  0.1773  0.1612  0.1759
 0.1677  0.1677  0.1621  0.1727  0.1588  0.1711
 0.1676  0.1754  0.1665  0.1723  0.1549  0.1633
 0.1605  0.1613  0.1642  0.1778  0.1611  0.1752
 0.1659  0.1676  0.1631  0.1729  0.1594  0.1711
 0.1670  0.1748  0.1667  0.1729  0.1550  0.1637
 0.1697  0.1737  0.1673  0.1713  0.1550  0.1630
 0.1611  0.1632  0.1634  0.1767  0.1609  0.1747
 0.1676  0.1649  0.1638  0.1726  0.1602  0.1709
 0.1698  0.1740  0.1661  0.1726  0.1544  0.1630
 0.1716  0.1721  0.1670  0.1714  0.1549  0.1629
 0.1726  0.1691  0.1684  0.1715  0.1555  0.1630
[torch.cuda.FloatTensor of size 14x6 (GPU 0)]

2020-04-21 21:40:23,579 train 000 1.421509e+00 45.312500 90.625000
2020-04-21 21:41:38,092 train 050 1.335491e+00 50.765931 93.075980
2020-04-21 21:42:51,968 train 100 1.336489e+00 50.649752 93.487005
2020-04-21 21:44:06,732 train 150 1.303301e+00 51.903974 94.029387
2020-04-21 21:45:20,580 train 200 1.281262e+00 52.829602 94.395211
2020-04-21 21:46:33,644 train 250 1.256561e+00 53.784861 94.540588
2020-04-21 21:47:47,356 train 300 1.238445e+00 54.754983 94.772633
2020-04-21 21:49:01,678 train 350 1.219660e+00 55.662393 94.836182
2020-04-21 21:50:00,735 train_acc 56.192000
2020-04-21 21:50:01,077 valid 000 1.141568e+00 54.687500 98.437500
2020-04-21 21:50:10,246 valid 050 1.209061e+00 58.639706 95.006127
2020-04-21 21:50:19,341 valid 100 1.237222e+00 57.967203 94.709158
2020-04-21 21:50:28,819 valid 150 1.228784e+00 58.185017 94.774421
2020-04-21 21:50:38,454 valid 200 1.224821e+00 58.037935 94.947139
2020-04-21 21:50:48,027 valid 250 1.230719e+00 57.800050 94.938994
2020-04-21 21:50:57,532 valid 300 1.228856e+00 57.828073 94.964701
2020-04-21 21:51:07,405 valid 350 1.235987e+00 57.567664 94.925214
2020-04-21 21:51:14,760 valid_acc 57.468000
2020-04-21 21:51:14,964 epoch 2 lr 2.490538e-02
2020-04-21 21:51:14,965 genotype = Genotype(normal=[('dil_conv_3x3', 1), ('conv_3x3', 0), ('conv_3x1_1x3', 1), ('dil_conv_5x5', 2), ('dil_conv_5x5', 3), ('sep_conv_3x3', 2), ('dil_conv_3x3', 3), ('sep_conv_3x3', 1)], normal_concat=range(2, 6), reduce=[('max_pool_3x3', 0), ('max_pool_3x3', 1), ('max_pool_3x3', 0), ('skip_connect', 2), ('max_pool_3x3', 0), ('max_pool_3x3', 2), ('max_pool_3x3', 0), ('max_pool_3x3', 2)], reduce_concat=range(2, 6))
2020-04-21 21:51:14,966 genotype_all = Genotype(normal=[('conv_3x3', 0), ('dil_conv_3x3', 1), ('dil_conv_3x3', 0), ('conv_3x1_1x3', 1), ('dil_conv_5x5', 2), ('dil_conv_3x3', 0), ('conv_3x1_1x3', 1), ('sep_conv_3x3', 2), ('dil_conv_5x5', 3), ('dil_conv_3x3', 0), ('sep_conv_3x3', 1), ('dil_conv_5x5', 2), ('dil_conv_3x3', 3), ('sep_conv_3x3', 4)], normal_concat=range(2, 6), reduce=[('max_pool_3x3', 0), ('max_pool_3x3', 1), ('max_pool_3x3', 0), ('max_pool_3x3', 1), ('skip_connect', 2), ('max_pool_3x3', 0), ('max_pool_3x3', 1), ('max_pool_3x3', 2), ('max_pool_3x3', 3), ('max_pool_3x3', 0), ('max_pool_3x3', 1), ('max_pool_3x3', 2), ('max_pool_3x3', 3), ('max_pool_3x3', 4)], reduce_concat=range(2, 6))
2020-04-21 21:51:14,966 Variable containing:
 0.1686  0.1681  0.1678  0.1619  0.1671  0.1665
 0.1680  0.1684  0.1649  0.1627  0.1691  0.1668
 0.1674  0.1677  0.1679  0.1631  0.1683  0.1656
 0.1680  0.1700  0.1649  0.1665  0.1659  0.1648
 0.1660  0.1673  0.1668  0.1646  0.1663  0.1689
 0.1661  0.1671  0.1674  0.1634  0.1694  0.1665
 0.1670  0.1696  0.1666  0.1637  0.1665  0.1667
 0.1664  0.1649  0.1704  0.1652  0.1657  0.1674
 0.1646  0.1667  0.1654  0.1619  0.1697  0.1717
 0.1679  0.1663  0.1624  0.1683  0.1689  0.1663
 0.1667  0.1667  0.1690  0.1637  0.1666  0.1673
 0.1668  0.1683  0.1673  0.1635  0.1653  0.1687
 0.1654  0.1695  0.1656  0.1632  0.1697  0.1666
 0.1666  0.1664  0.1681  0.1650  0.1661  0.1678
[torch.cuda.FloatTensor of size 14x6 (GPU 0)]

2020-04-21 21:51:14,970 Variable containing:
 0.1578  0.1613  0.1538  0.1887  0.1522  0.1861
 0.1732  0.1689  0.1577  0.1736  0.1536  0.1730
 0.1560  0.1591  0.1557  0.1892  0.1537  0.1864
 0.1708  0.1689  0.1582  0.1747  0.1533  0.1741
 0.1693  0.1797  0.1629  0.1778  0.1462  0.1640
 0.1568  0.1581  0.1574  0.1887  0.1535  0.1854
 0.1679  0.1671  0.1599  0.1758  0.1547  0.1746
 0.1676  0.1783  0.1629  0.1799  0.1461  0.1653
 0.1716  0.1772  0.1635  0.1776  0.1464  0.1637
 0.1565  0.1584  0.1567  0.1886  0.1538  0.1860
 0.1706  0.1659  0.1602  0.1742  0.1551  0.1740
 0.1699  0.1764  0.1627  0.1798  0.1463  0.1648
 0.1723  0.1752  0.1635  0.1780  0.1470  0.1641
 0.1745  0.1714  0.1650  0.1775  0.1477  0.1639
[torch.cuda.FloatTensor of size 14x6 (GPU 0)]

2020-04-21 21:51:16,665 train 000 1.125676e+00 62.500000 93.750000
2020-04-21 21:52:30,335 train 050 1.059752e+00 61.979167 95.526961
2020-04-21 21:53:44,529 train 100 1.040919e+00 62.685644 95.962252
2020-04-21 21:54:58,713 train 150 1.027617e+00 63.234685 96.140315
2020-04-21 21:56:12,710 train 200 1.022980e+00 63.440609 96.408582
2020-04-21 21:57:27,158 train 250 1.012174e+00 63.850847 96.501494
2020-04-21 21:58:40,373 train 300 1.000039e+00 64.052118 96.698505
2020-04-21 21:59:54,586 train 350 9.875727e-01 64.565527 96.817130
2020-04-21 22:00:54,143 train_acc 64.936000
2020-04-21 22:00:54,499 valid 000 1.041244e+00 67.187500 96.875000
2020-04-21 22:01:03,940 valid 050 9.547753e-01 66.574755 97.242647
2020-04-21 22:01:14,401 valid 100 9.505575e-01 66.197401 97.029703
2020-04-21 22:01:23,687 valid 150 9.561913e-01 65.831954 97.050911
2020-04-21 22:01:33,144 valid 200 9.686345e-01 65.259639 97.069341
2020-04-21 22:01:42,370 valid 250 9.688457e-01 65.307520 97.148904
2020-04-21 22:01:51,597 valid 300 9.654949e-01 65.256437 97.186462
2020-04-21 22:02:00,889 valid 350 9.659065e-01 65.322293 97.177707
2020-04-21 22:02:08,004 valid_acc 65.280000
2020-04-21 22:02:08,166 epoch 3 lr 2.478745e-02
2020-04-21 22:02:08,167 genotype = Genotype(normal=[('conv_3x3', 0), ('conv_3x1_1x3', 1), ('dil_conv_5x5', 2), ('conv_3x1_1x3', 0), ('dil_conv_3x3', 0), ('dil_conv_5x5', 3), ('conv_3x1_1x3', 3), ('sep_conv_3x3', 1)], normal_concat=range(2, 6), reduce=[('max_pool_3x3', 0), ('none', 1), ('max_pool_3x3', 0), ('skip_connect', 2), ('max_pool_3x3', 0), ('max_pool_3x3', 2), ('max_pool_3x3', 0), ('max_pool_3x3', 2)], reduce_concat=range(2, 6))
2020-04-21 22:02:08,167 genotype_all = Genotype(normal=[('conv_3x3', 0), ('conv_3x1_1x3', 1), ('conv_3x1_1x3', 0), ('conv_3x1_1x3', 1), ('dil_conv_5x5', 2), ('dil_conv_3x3', 0), ('conv_3x1_1x3', 1), ('sep_conv_3x3', 2), ('dil_conv_5x5', 3), ('conv_3x3', 0), ('sep_conv_3x3', 1), ('conv_3x1_1x3', 2), ('conv_3x1_1x3', 3), ('conv_3x3', 4)], normal_concat=range(2, 6), reduce=[('max_pool_3x3', 0), ('none', 1), ('max_pool_3x3', 0), ('max_pool_5x5', 1), ('skip_connect', 2), ('max_pool_3x3', 0), ('max_pool_5x5', 1), ('max_pool_3x3', 2), ('skip_connect', 3), ('max_pool_3x3', 0), ('max_pool_5x5', 1), ('max_pool_3x3', 2), ('max_pool_3x3', 3), ('max_pool_3x3', 4)], reduce_concat=range(2, 6))
2020-04-21 22:02:08,167 Variable containing:
 0.1699  0.1690  0.1689  0.1609  0.1655  0.1659
 0.1664  0.1682  0.1679  0.1628  0.1681  0.1667
 0.1664  0.1692  0.1667  0.1630  0.1687  0.1660
 0.1670  0.1691  0.1646  0.1651  0.1671  0.1670
 0.1663  0.1649  0.1663  0.1660  0.1653  0.1712
 0.1661  0.1660  0.1669  0.1642  0.1708  0.1660
 0.1652  0.1688  0.1685  0.1631  0.1677  0.1666
 0.1659  0.1654  0.1698  0.1636  0.1661  0.1691
 0.1624  0.1668  0.1665  0.1636  0.1701  0.1706
 0.1691  0.1670  0.1628  0.1685  0.1670  0.1656
 0.1669  0.1662  0.1698  0.1653  0.1656  0.1663
 0.1673  0.1688  0.1666  0.1642  0.1659  0.1671
 0.1658  0.1705  0.1655  0.1631  0.1691  0.1660
 0.1678  0.1675  0.1670  0.1657  0.1655  0.1665
[torch.cuda.FloatTensor of size 14x6 (GPU 0)]

2020-04-21 22:02:08,170 Variable containing:
 0.1551  0.1596  0.1481  0.1968  0.1460  0.1944
 0.1761  0.1715  0.1532  0.1749  0.1484  0.1758
 0.1519  0.1565  0.1505  0.1984  0.1476  0.1950
 0.1737  0.1713  0.1541  0.1759  0.1483  0.1766
 0.1709  0.1831  0.1602  0.1812  0.1404  0.1641
 0.1533  0.1552  0.1526  0.1965  0.1482  0.1942
 0.1698  0.1691  0.1563  0.1772  0.1499  0.1777
 0.1673  0.1815  0.1606  0.1845  0.1404  0.1657
 0.1727  0.1809  0.1612  0.1809  0.1410  0.1633
 0.1528  0.1556  0.1521  0.1962  0.1483  0.1950
 0.1726  0.1699  0.1561  0.1749  0.1497  0.1768
 0.1704  0.1790  0.1601  0.1846  0.1405  0.1655
 0.1736  0.1783  0.1611  0.1814  0.1416  0.1640
 0.1765  0.1733  0.1625  0.1812  0.1424  0.1640
[torch.cuda.FloatTensor of size 14x6 (GPU 0)]

2020-04-21 22:02:09,788 train 000 1.120112e+00 54.687500 96.875000
2020-04-21 22:03:23,465 train 050 8.346910e-01 69.577206 98.161765
2020-04-21 22:04:37,286 train 100 8.563962e-01 68.920173 97.896040
2020-04-21 22:05:51,674 train 150 8.483504e-01 69.629553 97.899421
2020-04-21 22:07:04,947 train 200 8.490141e-01 69.667289 97.947761
2020-04-21 22:08:19,481 train 250 8.434151e-01 69.920319 97.895916
2020-04-21 22:09:33,068 train 300 8.411476e-01 70.032184 97.840532
2020-04-21 22:10:47,181 train 350 8.333425e-01 70.392628 97.858796
2020-04-21 22:11:46,825 train_acc 70.560000
2020-04-21 22:11:47,209 valid 000 1.005747e+00 64.062500 96.875000
2020-04-21 22:11:56,636 valid 050 8.398338e-01 70.588235 97.794118
2020-04-21 22:12:05,676 valid 100 8.216006e-01 70.807550 97.973391
2020-04-21 22:12:15,307 valid 150 8.196664e-01 71.161010 98.023593
2020-04-21 22:12:24,102 valid 200 8.177423e-01 71.152052 98.009950
2020-04-21 22:12:32,917 valid 250 8.155355e-01 71.215139 98.014193
2020-04-21 22:12:42,296 valid 300 8.137172e-01 71.278032 98.136420
2020-04-21 22:12:51,056 valid 350 8.172348e-01 71.055912 98.090278
2020-04-21 22:12:57,988 valid_acc 70.940000
2020-04-21 22:12:58,145 epoch 4 lr 2.462300e-02
2020-04-21 22:12:58,146 genotype = Genotype(normal=[('sep_conv_3x3', 0), ('sep_conv_3x3', 1), ('dil_conv_5x5', 2), ('dil_conv_5x5', 1), ('sep_conv_3x3', 2), ('dil_conv_3x3', 0), ('conv_3x1_1x3', 3), ('conv_3x3', 0)], normal_concat=range(2, 6), reduce=[('max_pool_3x3', 0), ('max_pool_5x5', 1), ('max_pool_3x3', 0), ('skip_connect', 2), ('max_pool_3x3', 0), ('max_pool_3x3', 2), ('max_pool_3x3', 0), ('max_pool_3x3', 2)], reduce_concat=range(2, 6))
2020-04-21 22:12:58,147 genotype_all = Genotype(normal=[('sep_conv_3x3', 0), ('sep_conv_3x3', 1), ('conv_3x1_1x3', 0), ('dil_conv_5x5', 1), ('dil_conv_5x5', 2), ('dil_conv_3x3', 0), ('dil_conv_3x3', 1), ('sep_conv_3x3', 2), ('dil_conv_5x5', 3), ('conv_3x3', 0), ('sep_conv_3x3', 1), ('conv_3x3', 2), ('conv_3x1_1x3', 3), ('dil_conv_3x3', 4)], normal_concat=range(2, 6), reduce=[('max_pool_3x3', 0), ('max_pool_5x5', 1), ('max_pool_3x3', 0), ('max_pool_5x5', 1), ('skip_connect', 2), ('max_pool_3x3', 0), ('max_pool_5x5', 1), ('max_pool_3x3', 2), ('skip_connect', 3), ('max_pool_3x3', 0), ('max_pool_5x5', 1), ('max_pool_3x3', 2), ('max_pool_3x3', 3), ('max_pool_3x3', 4)], reduce_concat=range(2, 6))
2020-04-21 22:12:58,147 Variable containing:
 0.1683  0.1679  0.1715  0.1611  0.1645  0.1667
 0.1664  0.1672  0.1704  0.1619  0.1676  0.1665
 0.1662  0.1688  0.1676  0.1616  0.1671  0.1686
 0.1660  0.1676  0.1642  0.1652  0.1680  0.1690
 0.1664  0.1652  0.1659  0.1657  0.1645  0.1723
 0.1668  0.1667  0.1670  0.1626  0.1704  0.1665
 0.1666  0.1677  0.1679  0.1633  0.1680  0.1664
 0.1654  0.1656  0.1705  0.1649  0.1645  0.1693
 0.1647  0.1665  0.1674  0.1647  0.1677  0.1690
 0.1689  0.1676  0.1621  0.1676  0.1655  0.1683
 0.1655  0.1668  0.1687  0.1655  0.1664  0.1670
 0.1686  0.1672  0.1676  0.1640  0.1643  0.1683
 0.1667  0.1695  0.1662  0.1649  0.1678  0.1650
 0.1662  0.1671  0.1667  0.1653  0.1686  0.1660
[torch.cuda.FloatTensor of size 14x6 (GPU 0)]

2020-04-21 22:12:58,150 Variable containing:
 0.1527  0.1578  0.1440  0.2045  0.1402  0.2008
 0.1776  0.1723  0.1506  0.1775  0.1437  0.1783
 0.1478  0.1552  0.1466  0.2065  0.1425  0.2014
 0.1744  0.1718  0.1522  0.1785  0.1440  0.1790
 0.1726  0.1891  0.1578  0.1846  0.1335  0.1624
 0.1500  0.1520  0.1494  0.2035  0.1439  0.2012
 0.1700  0.1678  0.1547  0.1802  0.1466  0.1806
 0.1684  0.1866  0.1586  0.1884  0.1340  0.1640
 0.1752  0.1859  0.1589  0.1840  0.1347  0.1613
 0.1490  0.1534  0.1491  0.2024  0.1443  0.2019
 0.1731  0.1703  0.1538  0.1771  0.1458  0.1799
 0.1717  0.1837  0.1576  0.1892  0.1337  0.1642
 0.1762  0.1831  0.1585  0.1849  0.1351  0.1622
 0.1804  0.1763  0.1601  0.1845  0.1363  0.1624
[torch.cuda.FloatTensor of size 14x6 (GPU 0)]

2020-04-21 22:12:59,756 train 000 6.444280e-01 79.687500 98.437500
2020-04-21 22:14:14,168 train 050 7.137272e-01 75.030637 98.437500
2020-04-21 22:15:28,146 train 100 7.349102e-01 74.195545 98.391089
2020-04-21 22:16:41,421 train 150 7.311895e-01 74.358444 98.323675
2020-04-21 22:17:54,998 train 200 7.398803e-01 74.090485 98.359764
2020-04-21 22:19:09,404 train 250 7.352198e-01 74.153386 98.350349
2020-04-21 22:20:23,139 train 300 7.311366e-01 74.371885 98.323297
2020-04-21 22:21:37,638 train 350 7.279338e-01 74.586004 98.286147
2020-04-21 22:22:37,544 train_acc 74.824000
2020-04-21 22:22:37,900 valid 000 6.428272e-01 76.562500 100.000000
2020-04-21 22:22:47,836 valid 050 7.158215e-01 74.387255 98.314951
2020-04-21 22:22:56,904 valid 100 7.068817e-01 74.860767 98.375619
2020-04-21 22:23:06,462 valid 150 7.131779e-01 74.782699 98.375414
2020-04-21 22:23:15,558 valid 200 7.064262e-01 75.171020 98.437500
2020-04-21 22:23:25,082 valid 250 7.124909e-01 74.894173 98.425050
2020-04-21 22:23:35,203 valid 300 7.130926e-01 74.865033 98.468646
2020-04-21 22:23:45,128 valid 350 7.150877e-01 74.719551 98.490919
2020-04-21 22:23:53,306 valid_acc 74.688000
2020-04-21 22:23:53,465 epoch 5 lr 2.441268e-02
2020-04-21 22:23:53,466 genotype = Genotype(normal=[('sep_conv_3x3', 1), ('sep_conv_3x3', 0), ('dil_conv_5x5', 2), ('dil_conv_5x5', 1), ('conv_3x1_1x3', 3), ('conv_3x1_1x3', 0), ('sep_conv_3x3', 2), ('conv_3x1_1x3', 3)], normal_concat=range(2, 6), reduce=[('max_pool_3x3', 0), ('max_pool_3x3', 1), ('max_pool_3x3', 0), ('skip_connect', 2), ('max_pool_3x3', 0), ('max_pool_3x3', 2), ('max_pool_3x3', 0), ('max_pool_3x3', 2)], reduce_concat=range(2, 6))
2020-04-21 22:23:53,466 genotype_all = Genotype(normal=[('sep_conv_3x3', 0), ('sep_conv_3x3', 1), ('conv_3x1_1x3', 0), ('dil_conv_5x5', 1), ('dil_conv_5x5', 2), ('conv_3x1_1x3', 0), ('sep_conv_3x3', 1), ('sep_conv_3x3', 2), ('conv_3x1_1x3', 3), ('conv_3x3', 0), ('conv_3x1_1x3', 1), ('sep_conv_3x3', 2), ('conv_3x1_1x3', 3), ('dil_conv_3x3', 4)], normal_concat=range(2, 6), reduce=[('max_pool_3x3', 0), ('max_pool_3x3', 1), ('max_pool_3x3', 0), ('max_pool_3x3', 1), ('skip_connect', 2), ('max_pool_3x3', 0), ('max_pool_3x3', 1), ('max_pool_3x3', 2), ('skip_connect', 3), ('max_pool_3x3', 0), ('max_pool_5x5', 1), ('max_pool_3x3', 2), ('max_pool_3x3', 3), ('max_pool_3x3', 4)], reduce_concat=range(2, 6))
2020-04-21 22:23:53,467 Variable containing:
 0.1675  0.1677  0.1733  0.1627  0.1614  0.1674
 0.1658  0.1688  0.1749  0.1600  0.1667  0.1639
 0.1654  0.1698  0.1678  0.1625  0.1674  0.1670
 0.1673  0.1676  0.1650  0.1631  0.1666  0.1704
 0.1666  0.1662  0.1633  0.1648  0.1668  0.1722
 0.1668  0.1691  0.1667  0.1636  0.1679  0.1660
 0.1681  0.1672  0.1690  0.1611  0.1685  0.1662
 0.1666  0.1661  0.1690  0.1645  0.1648  0.1690
 0.1646  0.1692  0.1677  0.1640  0.1668  0.1678
 0.1684  0.1679  0.1637  0.1675  0.1653  0.1672
 0.1661  0.1688  0.1682  0.1642  0.1667  0.1660
 0.1676  0.1681  0.1696  0.1628  0.1645  0.1674
 0.1672  0.1695  0.1662  0.1650  0.1663  0.1657
 0.1672  0.1669  0.1668  0.1641  0.1691  0.1660
[torch.cuda.FloatTensor of size 14x6 (GPU 0)]

2020-04-21 22:23:53,470 Variable containing:
 0.1502  0.1557  0.1411  0.2111  0.1360  0.2059
 0.1791  0.1710  0.1487  0.1805  0.1403  0.1805
 0.1441  0.1536  0.1443  0.2128  0.1385  0.2067
 0.1738  0.1730  0.1504  0.1814  0.1408  0.1806
 0.1731  0.1948  0.1543  0.1895  0.1264  0.1619
 0.1469  0.1500  0.1477  0.2084  0.1409  0.2060
 0.1697  0.1650  0.1540  0.1845  0.1440  0.1827
 0.1691  0.1912  0.1553  0.1935  0.1273  0.1637
 0.1760  0.1915  0.1556  0.1881  0.1282  0.1606
 0.1476  0.1522  0.1472  0.2065  0.1406  0.2058
 0.1723  0.1681  0.1531  0.1810  0.1432  0.1823
 0.1753  0.1876  0.1540  0.1932  0.1267  0.1633
 0.1803  0.1868  0.1551  0.1883  0.1284  0.1611
 0.1861  0.1772  0.1576  0.1879  0.1300  0.1611
[torch.cuda.FloatTensor of size 14x6 (GPU 0)]

2020-04-21 22:23:55,111 train 000 5.768069e-01 85.937500 98.437500
2020-04-21 22:25:09,518 train 050 6.707714e-01 76.654412 98.897059
2020-04-21 22:26:24,743 train 100 6.637041e-01 77.181312 98.762376
2020-04-21 22:27:38,802 train 150 6.548978e-01 77.555877 98.706540
2020-04-21 22:28:53,608 train 200 6.518179e-01 77.643035 98.686256
2020-04-21 22:30:08,562 train 250 6.541306e-01 77.471365 98.586902
2020-04-21 22:31:23,292 train 300 6.494328e-01 77.517650 98.629568
2020-04-21 22:32:38,233 train 350 6.493362e-01 77.550748 98.624466
2020-04-21 22:33:37,365 train_acc 77.524000
2020-04-21 22:33:37,763 valid 000 7.184412e-01 71.875000 100.000000
2020-04-21 22:33:46,071 valid 050 6.526519e-01 77.236520 98.743873
2020-04-21 22:33:54,427 valid 100 6.331346e-01 78.109530 98.700495
2020-04-21 22:34:02,783 valid 150 6.431260e-01 77.493791 98.768626
2020-04-21 22:34:11,243 valid 200 6.544413e-01 77.098881 98.709577
2020-04-21 22:34:19,584 valid 250 6.560164e-01 77.141434 98.723855
2020-04-21 22:34:27,915 valid 300 6.571710e-01 77.123131 98.691860
2020-04-21 22:34:36,179 valid 350 6.627693e-01 76.923077 98.691239
2020-04-21 22:34:42,797 valid_acc 76.956000
2020-04-21 22:34:42,948 epoch 6 lr 2.415732e-02
2020-04-21 22:34:42,949 genotype = Genotype(normal=[('sep_conv_3x3', 1), ('sep_conv_3x3', 0), ('dil_conv_5x5', 2), ('dil_conv_5x5', 1), ('dil_conv_3x3', 1), ('conv_3x1_1x3', 3), ('sep_conv_3x3', 2), ('dil_conv_3x3', 4)], normal_concat=range(2, 6), reduce=[('max_pool_3x3', 0), ('none', 1), ('max_pool_3x3', 0), ('skip_connect', 2), ('max_pool_3x3', 0), ('skip_connect', 3), ('max_pool_5x5', 0), ('max_pool_3x3', 2)], reduce_concat=range(2, 6))
2020-04-21 22:34:42,949 genotype_all = Genotype(normal=[('sep_conv_3x3', 0), ('sep_conv_3x3', 1), ('conv_3x1_1x3', 0), ('dil_conv_5x5', 1), ('dil_conv_5x5', 2), ('conv_3x1_1x3', 0), ('dil_conv_3x3', 1), ('sep_conv_3x3', 2), ('conv_3x1_1x3', 3), ('conv_3x3', 0), ('conv_3x1_1x3', 1), ('sep_conv_3x3', 2), ('conv_3x1_1x3', 3), ('dil_conv_3x3', 4)], normal_concat=range(2, 6), reduce=[('max_pool_3x3', 0), ('none', 1), ('max_pool_3x3', 0), ('max_pool_3x3', 1), ('skip_connect', 2), ('max_pool_3x3', 0), ('max_pool_3x3', 1), ('max_pool_3x3', 2), ('skip_connect', 3), ('max_pool_5x5', 0), ('max_pool_5x5', 1), ('max_pool_3x3', 2), ('skip_connect', 3), ('none', 4)], reduce_concat=range(2, 6))
2020-04-21 22:34:42,949 Variable containing:
 0.1666  0.1680  0.1728  0.1632  0.1628  0.1665
 0.1659  0.1689  0.1773  0.1615  0.1639  0.1626
 0.1654  0.1692  0.1677  0.1640  0.1686  0.1652
 0.1667  0.1687  0.1654  0.1634  0.1654  0.1703
 0.1655  0.1656  0.1655  0.1644  0.1669  0.1721
 0.1662  0.1678  0.1664  0.1665  0.1665  0.1665
 0.1677  0.1672  0.1685  0.1597  0.1703  0.1666
 0.1665  0.1684  0.1696  0.1623  0.1637  0.1695
 0.1640  0.1699  0.1678  0.1643  0.1676  0.1665
 0.1687  0.1685  0.1652  0.1658  0.1646  0.1671
 0.1674  0.1695  0.1676  0.1633  0.1674  0.1647
 0.1670  0.1671  0.1712  0.1638  0.1620  0.1690
 0.1676  0.1697  0.1656  0.1654  0.1658  0.1659
 0.1680  0.1664  0.1653  0.1654  0.1698  0.1652
[torch.cuda.FloatTensor of size 14x6 (GPU 0)]

2020-04-21 22:34:42,952 Variable containing:
 0.1470  0.1530  0.1406  0.2153  0.1339  0.2101
 0.1815  0.1713  0.1472  0.1812  0.1378  0.1810
 0.1404  0.1513  0.1438  0.2173  0.1365  0.2108
 0.1752  0.1753  0.1489  0.1815  0.1384  0.1807
 0.1740  0.1997  0.1525  0.1917  0.1219  0.1602
 0.1438  0.1473  0.1472  0.2123  0.1392  0.2101
 0.1716  0.1615  0.1540  0.1859  0.1430  0.1840
 0.1697  0.1952  0.1542  0.1954  0.1236  0.1619
 0.1772  0.1963  0.1547  0.1888  0.1247  0.1583
 0.1448  0.1510  0.1465  0.2088  0.1392  0.2097
 0.1736  0.1680  0.1523  0.1813  0.1416  0.1831
 0.1766  0.1909  0.1524  0.1953  0.1229  0.1620
 0.1823  0.1903  0.1538  0.1895  0.1248  0.1594
 0.1901  0.1782  0.1566  0.1887  0.1269  0.1594
[torch.cuda.FloatTensor of size 14x6 (GPU 0)]

2020-04-21 22:34:44,596 train 000 6.127483e-01 78.125000 98.437500
2020-04-21 22:35:56,934 train 050 5.605523e-01 80.116422 99.203431
2020-04-21 22:37:08,607 train 100 5.746346e-01 79.749381 99.009901
2020-04-21 22:38:20,674 train 150 5.837305e-01 79.346026 98.985927
2020-04-21 22:39:32,548 train 200 5.806234e-01 79.811878 98.981654
2020-04-21 22:40:44,260 train 250 5.865955e-01 79.631474 98.935508
2020-04-21 22:41:56,503 train 300 5.802678e-01 79.874377 99.008513
2020-04-21 22:43:08,008 train 350 5.761922e-01 80.101496 98.998397
2020-04-21 22:44:05,278 train_acc 80.072000
2020-04-21 22:44:05,672 valid 000 7.635537e-01 78.125000 95.312500
2020-04-21 22:44:14,110 valid 050 7.476322e-01 75.704657 98.069853
2020-04-21 22:44:22,308 valid 100 7.364464e-01 76.160272 98.097153
2020-04-21 22:44:30,546 valid 150 7.213879e-01 76.583195 98.033940
2020-04-21 22:44:38,838 valid 200 7.097872e-01 76.850124 98.134328
2020-04-21 22:44:47,089 valid 250 7.068234e-01 76.736803 98.151145
2020-04-21 22:44:55,438 valid 300 7.057653e-01 76.671512 98.141611
2020-04-21 22:45:03,904 valid 350 7.042022e-01 76.629274 98.152600
2020-04-21 22:45:10,509 valid_acc 76.648000
2020-04-21 22:45:10,641 epoch 7 lr 2.385792e-02
2020-04-21 22:45:10,642 genotype = Genotype(normal=[('sep_conv_3x3', 1), ('sep_conv_3x3', 0), ('dil_conv_5x5', 2), ('dil_conv_5x5', 1), ('sep_conv_3x3', 2), ('dil_conv_3x3', 1), ('dil_conv_3x3', 4), ('sep_conv_3x3', 2)], normal_concat=range(2, 6), reduce=[('max_pool_3x3', 0), ('max_pool_3x3', 1), ('max_pool_3x3', 0), ('skip_connect', 2), ('max_pool_3x3', 0), ('skip_connect', 3), ('max_pool_3x3', 0), ('skip_connect', 2)], reduce_concat=range(2, 6))
2020-04-21 22:45:10,643 genotype_all = Genotype(normal=[('sep_conv_3x3', 0), ('sep_conv_3x3', 1), ('conv_3x1_1x3', 0), ('dil_conv_5x5', 1), ('dil_conv_5x5', 2), ('conv_3x1_1x3', 0), ('dil_conv_3x3', 1), ('sep_conv_3x3', 2), ('conv_3x1_1x3', 3), ('conv_3x1_1x3', 0), ('sep_conv_3x3', 1), ('sep_conv_3x3', 2), ('conv_3x3', 3), ('dil_conv_3x3', 4)], normal_concat=range(2, 6), reduce=[('max_pool_3x3', 0), ('max_pool_3x3', 1), ('max_pool_3x3', 0), ('max_pool_3x3', 1), ('skip_connect', 2), ('max_pool_3x3', 0), ('max_pool_3x3', 1), ('skip_connect', 2), ('skip_connect', 3), ('max_pool_3x3', 0), ('max_pool_5x5', 1), ('skip_connect', 2), ('skip_connect', 3), ('none', 4)], reduce_concat=range(2, 6))
2020-04-21 22:45:10,643 Variable containing:
 0.1655  0.1673  0.1725  0.1633  0.1646  0.1668
 0.1668  0.1686  0.1783  0.1592  0.1658  0.1613
 0.1671  0.1696  0.1670  0.1652  0.1677  0.1633
 0.1678  0.1690  0.1645  0.1648  0.1638  0.1701
 0.1653  0.1660  0.1671  0.1653  0.1657  0.1705
 0.1671  0.1678  0.1674  0.1664  0.1657  0.1657
 0.1677  0.1678  0.1666  0.1618  0.1689  0.1673
 0.1679  0.1689  0.1702  0.1617  0.1636  0.1678
 0.1643  0.1688  0.1677  0.1652  0.1667  0.1674
 0.1695  0.1697  0.1654  0.1652  0.1633  0.1669
 0.1668  0.1666  0.1684  0.1662  0.1678  0.1641
 0.1681  0.1683  0.1703  0.1649  0.1609  0.1675
 0.1682  0.1682  0.1652  0.1668  0.1640  0.1675
 0.1665  0.1685  0.1649  0.1664  0.1706  0.1631
[torch.cuda.FloatTensor of size 14x6 (GPU 0)]

2020-04-21 22:45:10,645 Variable containing:
 0.1453  0.1511  0.1385  0.2214  0.1306  0.2132
 0.1817  0.1705  0.1462  0.1831  0.1357  0.1827
 0.1381  0.1493  0.1419  0.2232  0.1335  0.2140
 0.1743  0.1741  0.1487  0.1838  0.1369  0.1820
 0.1747  0.2062  0.1517  0.1924  0.1178  0.1572
 0.1410  0.1458  0.1457  0.2177  0.1369  0.2130
 0.1709  0.1593  0.1541  0.1884  0.1416  0.1857
 0.1699  0.2012  0.1541  0.1964  0.1197  0.1587
 0.1791  0.2030  0.1544  0.1880  0.1210  0.1545
 0.1422  0.1494  0.1458  0.2134  0.1373  0.2119
 0.1734  0.1663  0.1525  0.1831  0.1404  0.1843
 0.1794  0.1967  0.1521  0.1949  0.1187  0.1582
 0.1870  0.1953  0.1533  0.1882  0.1208  0.1553
 0.1964  0.1802  0.1565  0.1879  0.1233  0.1557
[torch.cuda.FloatTensor of size 14x6 (GPU 0)]

2020-04-21 22:45:12,168 train 000 4.261537e-01 85.937500 100.000000
2020-04-21 22:46:23,751 train 050 5.495393e-01 81.556373 99.142157
2020-04-21 22:47:35,734 train 100 5.417091e-01 81.451114 99.211015
2020-04-21 22:48:47,727 train 150 5.422262e-01 81.456954 99.141142
2020-04-21 22:49:59,920 train 200 5.393678e-01 81.584266 99.098259
2020-04-21 22:51:12,181 train 250 5.368100e-01 81.579930 99.103586
2020-04-21 22:52:24,115 train 300 5.400833e-01 81.608181 99.050042
2020-04-21 22:53:36,000 train 350 5.438972e-01 81.414708 99.060719
2020-04-21 22:54:33,455 train_acc 81.424000
2020-04-21 22:54:33,802 valid 000 8.027380e-01 75.000000 96.875000
2020-04-21 22:54:42,288 valid 050 6.285105e-01 78.615196 98.713235
2020-04-21 22:54:50,495 valid 100 5.988850e-01 79.811262 98.917079
2020-04-21 22:54:58,837 valid 150 5.931002e-01 80.028974 98.903146
2020-04-21 22:55:07,105 valid 200 5.900341e-01 80.130597 98.888371
2020-04-21 22:55:15,594 valid 250 5.913839e-01 80.098357 98.848357
2020-04-21 22:55:23,891 valid 300 5.958203e-01 79.947051 98.826827
2020-04-21 22:55:32,211 valid 350 5.985371e-01 79.807692 98.802528
2020-04-21 22:55:38,787 valid_acc 79.860000
2020-04-21 22:55:38,928 epoch 8 lr 2.351568e-02
2020-04-21 22:55:38,928 genotype = Genotype(normal=[('sep_conv_3x3', 1), ('sep_conv_3x3', 0), ('dil_conv_5x5', 2), ('conv_3x1_1x3', 0), ('dil_conv_5x5', 2), ('conv_3x1_1x3', 3), ('conv_3x1_1x3', 2), ('dil_conv_3x3', 1)], normal_concat=range(2, 6), reduce=[('max_pool_3x3', 0), ('max_pool_3x3', 1), ('max_pool_3x3', 0), ('skip_connect', 2), ('max_pool_3x3', 0), ('skip_connect', 3), ('max_pool_3x3', 0), ('none', 4)], reduce_concat=range(2, 6))
2020-04-21 22:55:38,929 genotype_all = Genotype(normal=[('sep_conv_3x3', 0), ('sep_conv_3x3', 1), ('conv_3x1_1x3', 0), ('conv_3x1_1x3', 1), ('dil_conv_5x5', 2), ('conv_3x1_1x3', 0), ('conv_3x3', 1), ('dil_conv_5x5', 2), ('conv_3x1_1x3', 3), ('conv_3x3', 0), ('dil_conv_3x3', 1), ('conv_3x1_1x3', 2), ('conv_3x3', 3), ('dil_conv_3x3', 4)], normal_concat=range(2, 6), reduce=[('max_pool_3x3', 0), ('max_pool_3x3', 1), ('max_pool_3x3', 0), ('max_pool_3x3', 1), ('skip_connect', 2), ('max_pool_3x3', 0), ('max_pool_3x3', 1), ('skip_connect', 2), ('skip_connect', 3), ('max_pool_3x3', 0), ('max_pool_5x5', 1), ('skip_connect', 2), ('skip_connect', 3), ('none', 4)], reduce_concat=range(2, 6))
2020-04-21 22:55:38,929 Variable containing:
 0.1655  0.1668  0.1728  0.1650  0.1635  0.1663
 0.1678  0.1679  0.1805  0.1584  0.1657  0.1598
 0.1680  0.1706  0.1663  0.1648  0.1674  0.1630
 0.1687  0.1697  0.1633  0.1651  0.1648  0.1685
 0.1662  0.1652  0.1668  0.1646  0.1662  0.1710
 0.1660  0.1689  0.1677  0.1664  0.1644  0.1666
 0.1684  0.1682  0.1664  0.1622  0.1667  0.1681
 0.1672  0.1683  0.1689  0.1631  0.1624  0.1700
 0.1653  0.1700  0.1674  0.1642  0.1648  0.1684
 0.1694  0.1689  0.1666  0.1660  0.1631  0.1659
 0.1674  0.1688  0.1673  0.1647  0.1696  0.1623
 0.1699  0.1709  0.1685  0.1654  0.1592  0.1661
 0.1691  0.1686  0.1652  0.1664  0.1648  0.1659
 0.1648  0.1688  0.1662  0.1658  0.1694  0.1650
[torch.cuda.FloatTensor of size 14x6 (GPU 0)]

2020-04-21 22:55:38,932 Variable containing:
 0.1425  0.1502  0.1374  0.2256  0.1284  0.2159
 0.1836  0.1713  0.1446  0.1844  0.1332  0.1830
 0.1346  0.1475  0.1417  0.2281  0.1317  0.2164
 0.1755  0.1725  0.1483  0.1857  0.1352  0.1827
 0.1751  0.2131  0.1518  0.1917  0.1147  0.1535
 0.1375  0.1427  0.1456  0.2226  0.1354  0.2163
 0.1710  0.1586  0.1540  0.1901  0.1402  0.1861
 0.1693  0.2081  0.1549  0.1959  0.1171  0.1548
 0.1804  0.2106  0.1549  0.1854  0.1185  0.1501
 0.1393  0.1482  0.1458  0.2169  0.1359  0.2140
 0.1750  0.1645  0.1524  0.1845  0.1390  0.1845
 0.1819  0.2017  0.1521  0.1938  0.1159  0.1545
 0.1920  0.1995  0.1534  0.1856  0.1183  0.1512
 0.2028  0.1813  0.1572  0.1855  0.1213  0.1520
[torch.cuda.FloatTensor of size 14x6 (GPU 0)]

2020-04-21 22:55:40,541 train 000 3.913366e-01 84.375000 100.000000
2020-04-21 22:56:52,252 train 050 4.887905e-01 83.363971 98.958333
2020-04-21 22:58:04,074 train 100 4.958943e-01 83.137376 99.040842
2020-04-21 22:59:15,731 train 150 4.977136e-01 82.853891 99.110099
2020-04-21 23:00:27,846 train 200 4.915800e-01 83.061256 99.137127
2020-04-21 23:01:39,563 train 250 4.985136e-01 82.775149 99.134711
2020-04-21 23:02:51,237 train 300 5.036980e-01 82.469892 99.153862
2020-04-21 23:04:03,073 train 350 5.023212e-01 82.589922 99.176460
2020-04-21 23:05:00,315 train_acc 82.660000
2020-04-21 23:05:00,715 valid 000 4.335270e-01 85.937500 100.000000
2020-04-21 23:05:09,070 valid 050 5.288693e-01 81.985294 98.897059
2020-04-21 23:05:17,489 valid 100 5.240998e-01 81.930693 98.917079
2020-04-21 23:05:25,918 valid 150 5.413315e-01 81.467301 98.923841
2020-04-21 23:05:34,422 valid 200 5.399382e-01 81.389925 98.919465
2020-04-21 23:05:42,763 valid 250 5.432824e-01 81.262450 98.954183
2020-04-21 23:05:51,099 valid 300 5.409396e-01 81.436877 98.951412
2020-04-21 23:05:59,423 valid 350 5.381652e-01 81.459224 98.971688
2020-04-21 23:06:06,027 valid_acc 81.532000
2020-04-21 23:06:06,162 epoch 9 lr 2.313194e-02
2020-04-21 23:06:06,163 genotype = Genotype(normal=[('sep_conv_3x3', 1), ('sep_conv_3x3', 0), ('conv_3x1_1x3', 0), ('conv_3x3', 1), ('dil_conv_5x5', 2), ('conv_3x3', 1), ('conv_3x1_1x3', 2), ('conv_3x3', 0)], normal_concat=range(2, 6), reduce=[('max_pool_3x3', 0), ('max_pool_3x3', 1), ('max_pool_3x3', 0), ('skip_connect', 2), ('max_pool_3x3', 0), ('skip_connect', 3), ('max_pool_3x3', 0), ('none', 4)], reduce_concat=range(2, 6))
2020-04-21 23:06:06,164 genotype_all = Genotype(normal=[('sep_conv_3x3', 0), ('sep_conv_3x3', 1), ('conv_3x1_1x3', 0), ('conv_3x3', 1), ('sep_conv_3x3', 2), ('conv_3x1_1x3', 0), ('conv_3x3', 1), ('dil_conv_5x5', 2), ('conv_3x1_1x3', 3), ('conv_3x3', 0), ('conv_3x1_1x3', 1), ('conv_3x1_1x3', 2), ('conv_3x3', 3), ('conv_3x1_1x3', 4)], normal_concat=range(2, 6), reduce=[('max_pool_3x3', 0), ('max_pool_3x3', 1), ('max_pool_3x3', 0), ('max_pool_3x3', 1), ('skip_connect', 2), ('max_pool_3x3', 0), ('max_pool_3x3', 1), ('skip_connect', 2), ('skip_connect', 3), ('max_pool_3x3', 0), ('max_pool_3x3', 1), ('skip_connect', 2), ('skip_connect', 3), ('none', 4)], reduce_concat=range(2, 6))
2020-04-21 23:06:06,164 Variable containing:
 0.1667  0.1669  0.1730  0.1647  0.1637  0.1651
 0.1671  0.1680  0.1815  0.1586  0.1668  0.1581
 0.1676  0.1719  0.1671  0.1642  0.1674  0.1617
 0.1707  0.1697  0.1627  0.1646  0.1630  0.1693
 0.1672  0.1650  0.1682  0.1660  0.1656  0.1681
 0.1663  0.1692  0.1689  0.1650  0.1651  0.1656
 0.1695  0.1677  0.1678  0.1635  0.1650  0.1666
 0.1672  0.1663  0.1695  0.1626  0.1639  0.1704
 0.1666  0.1690  0.1674  0.1643  0.1665  0.1663
 0.1709  0.1698  0.1687  0.1647  0.1624  0.1635
 0.1691  0.1693  0.1679  0.1636  0.1671  0.1629
 0.1698  0.1715  0.1685  0.1664  0.1588  0.1650
 0.1700  0.1691  0.1661  0.1653  0.1641  0.1654
 0.1655  0.1697  0.1671  0.1650  0.1695  0.1632
[torch.cuda.FloatTensor of size 14x6 (GPU 0)]

2020-04-21 23:06:06,167 Variable containing:
 0.1422  0.1489  0.1355  0.2298  0.1255  0.2180
 0.1819  0.1706  0.1441  0.1863  0.1327  0.1844
 0.1335  0.1486  0.1397  0.2311  0.1293  0.2179
 0.1734  0.1701  0.1487  0.1884  0.1352  0.1841
 0.1772  0.2195  0.1532  0.1889  0.1130  0.1481
 0.1365  0.1430  0.1442  0.2250  0.1336  0.2178
 0.1686  0.1559  0.1549  0.1926  0.1409  0.1870
 0.1707  0.2143  0.1571  0.1924  0.1162  0.1492
 0.1826  0.2167  0.1570  0.1811  0.1179  0.1448
 0.1387  0.1467  0.1445  0.2196  0.1341  0.2164
 0.1726  0.1632  0.1528  0.1866  0.1391  0.1857
 0.1832  0.2073  0.1539  0.1913  0.1148  0.1495
 0.1947  0.2045  0.1553  0.1820  0.1174  0.1461
 0.2075  0.1841  0.1595  0.1813  0.1208  0.1469
[torch.cuda.FloatTensor of size 14x6 (GPU 0)]

2020-04-21 23:06:07,730 train 000 5.395529e-01 81.250000 98.437500
2020-04-21 23:07:19,321 train 050 4.420663e-01 84.528186 99.571078
2020-04-21 23:08:30,550 train 100 4.552099e-01 84.065594 99.396658
2020-04-21 23:09:42,301 train 150 4.542375e-01 84.209437 99.451573
2020-04-21 23:10:53,975 train 200 4.529710e-01 84.281716 99.455846
2020-04-21 23:12:05,714 train 250 4.587528e-01 84.045070 99.427291
2020-04-21 23:13:17,912 train 300 4.598896e-01 84.001246 99.408223
2020-04-21 23:14:29,658 train 350 4.634294e-01 83.880876 99.372329
2020-04-21 23:15:27,139 train_acc 83.808000
2020-04-21 23:15:27,526 valid 000 6.558990e-01 76.562500 100.000000
2020-04-21 23:15:35,716 valid 050 5.625926e-01 81.066176 99.019608
2020-04-21 23:15:43,942 valid 100 5.543887e-01 81.219059 98.963490
2020-04-21 23:15:52,285 valid 150 5.545525e-01 81.487997 99.016970
2020-04-21 23:16:00,579 valid 200 5.443561e-01 81.615361 99.004975
2020-04-21 23:16:08,933 valid 250 5.536401e-01 81.368277 98.867032
2020-04-21 23:16:17,230 valid 300 5.572886e-01 81.224045 98.847591
2020-04-21 23:16:25,444 valid 350 5.586396e-01 81.187678 98.793625
2020-04-21 23:16:32,052 valid_acc 81.300000
2020-04-21 23:16:32,192 epoch 10 lr 2.270820e-02
2020-04-21 23:16:32,193 genotype = Genotype(normal=[('sep_conv_3x3', 1), ('sep_conv_3x3', 0), ('conv_3x1_1x3', 0), ('conv_3x3', 1), ('dil_conv_5x5', 2), ('conv_3x1_1x3', 1), ('sep_conv_3x3', 0), ('conv_3x3', 2)], normal_concat=range(2, 6), reduce=[('max_pool_3x3', 0), ('max_pool_3x3', 1), ('max_pool_3x3', 0), ('skip_connect', 2), ('max_pool_3x3', 0), ('skip_connect', 3), ('max_pool_3x3', 0), ('skip_connect', 2)], reduce_concat=range(2, 6))
