2020-04-21 21:29:53,920 gpu device = 1
2020-04-21 21:29:53,920 args = Namespace(arch_learning_rate=0.0003, arch_weight_decay=0.001, batch_size=64, cutout=False, cutout_length=16, data='./data', drop_path_prob=0.3, epochs=50, gpu=1, grad_clip=5, init_channels=16, layers=8, learning_rate=0.025, learning_rate_min=0.001, model_path='saved_models', momentum=0.9, report_freq=50, save='n=0.5-search-EXP-20200421-212953', seed=2, train_portion=0.5, unrolled=False, weight_decay=0.0003)
2020-04-21 21:29:56,025 param size = 3.621370MB
2020-04-21 21:29:57,102 epoch 0 lr 2.500000e-02
2020-04-21 21:29:57,104 genotype = Genotype(normal=[('sep_conv_3x3', 1), ('dil_conv_5x5', 0), ('sep_conv_3x3', 0), ('conv_3x1_1x3', 2), ('dil_conv_3x3', 1), ('sep_conv_3x3', 2), ('conv_3x1_1x3', 3), ('sep_conv_5x5', 2)], normal_concat=range(2, 6), reduce=[('max_pool_5x5', 0), ('avg_pool_3x3', 1), ('skip_connect', 1), ('max_pool_5x5', 0), ('max_pool_3x3', 0), ('avg_pool_3x3', 1), ('max_pool_3x3', 0), ('avg_pool_5x5', 4)], reduce_concat=range(2, 6))
2020-04-21 21:29:57,104 genotype_all = Genotype(normal=[('dil_conv_5x5', 0), ('sep_conv_3x3', 1), ('sep_conv_3x3', 0), ('conv_3x3', 1), ('conv_3x1_1x3', 2), ('sep_conv_5x5', 0), ('dil_conv_3x3', 1), ('sep_conv_3x3', 2), ('dil_conv_3x3', 3), ('dil_conv_3x3', 0), ('sep_conv_3x3', 1), ('sep_conv_5x5', 2), ('conv_3x1_1x3', 3), ('dil_conv_5x5', 4)], normal_concat=range(2, 6), reduce=[('max_pool_5x5', 0), ('avg_pool_3x3', 1), ('max_pool_5x5', 0), ('skip_connect', 1), ('none', 2), ('max_pool_3x3', 0), ('avg_pool_3x3', 1), ('avg_pool_3x3', 2), ('max_pool_5x5', 3), ('max_pool_3x3', 0), ('avg_pool_3x3', 1), ('skip_connect', 2), ('avg_pool_3x3', 3), ('avg_pool_5x5', 4)], reduce_concat=range(2, 6))
2020-04-21 21:29:57,105 Variable containing:
 0.1667  0.1664  0.1668  0.1666  0.1666  0.1668
 0.1666  0.1665  0.1669  0.1666  0.1667  0.1667
 0.1668  0.1666  0.1670  0.1666  0.1666  0.1664
 0.1669  0.1668  0.1663  0.1668  0.1666  0.1666
 0.1666  0.1669  0.1667  0.1664  0.1667  0.1666
 0.1666  0.1666  0.1667  0.1668  0.1667  0.1666
 0.1664  0.1666  0.1666  0.1667  0.1670  0.1668
 0.1664  0.1668  0.1669  0.1668  0.1664  0.1665
 0.1666  0.1667  0.1666  0.1667  0.1668  0.1666
 0.1668  0.1665  0.1665  0.1667  0.1668  0.1666
 0.1666  0.1667  0.1669  0.1668  0.1664  0.1668
 0.1664  0.1668  0.1665  0.1670  0.1666  0.1667
 0.1667  0.1670  0.1665  0.1667  0.1666  0.1664
 0.1665  0.1665  0.1667  0.1667  0.1666  0.1669
[torch.cuda.FloatTensor of size 14x6 (GPU 1)]

2020-04-21 21:29:57,108 Variable containing:
 0.1668  0.1667  0.1663  0.1665  0.1669  0.1669
 0.1665  0.1666  0.1669  0.1666  0.1668  0.1665
 0.1669  0.1665  0.1664  0.1666  0.1667  0.1669
 0.1669  0.1670  0.1664  0.1665  0.1665  0.1666
 0.1669  0.1666  0.1665  0.1666  0.1667  0.1666
 0.1667  0.1667  0.1666  0.1669  0.1665  0.1665
 0.1664  0.1668  0.1668  0.1667  0.1665  0.1667
 0.1665  0.1667  0.1668  0.1666  0.1667  0.1666
 0.1667  0.1666  0.1668  0.1665  0.1666  0.1668
 0.1666  0.1666  0.1664  0.1669  0.1667  0.1668
 0.1666  0.1666  0.1668  0.1666  0.1666  0.1667
 0.1668  0.1668  0.1665  0.1667  0.1666  0.1667
 0.1666  0.1667  0.1668  0.1664  0.1667  0.1667
 0.1666  0.1666  0.1666  0.1668  0.1669  0.1667
[torch.cuda.FloatTensor of size 14x6 (GPU 1)]

2020-04-21 21:30:01,240 train 000 2.312997e+00 7.812500 43.750000
2020-04-21 21:31:09,384 train 050 2.013624e+00 25.367647 78.860294
2020-04-21 21:32:18,298 train 100 1.923048e+00 28.635520 81.930693
2020-04-21 21:33:27,761 train 150 1.857888e+00 30.805050 84.095613
2020-04-21 21:34:36,916 train 200 1.803633e+00 32.999067 85.237873
2020-04-21 21:35:46,044 train 250 1.762684e+00 34.350100 86.211404
2020-04-21 21:36:55,766 train 300 1.724417e+00 35.989410 86.928987
2020-04-21 21:38:04,901 train 350 1.684080e+00 37.589031 87.611289
2020-04-21 21:39:02,316 train_acc 38.836000
2020-04-21 21:39:02,632 valid 000 1.273612e+00 53.125000 96.875000
2020-04-21 21:39:10,442 valid 050 1.436528e+00 46.047794 92.892157
2020-04-21 21:39:18,202 valid 100 1.440704e+00 46.163366 92.899134
2020-04-21 21:39:25,915 valid 150 1.425215e+00 46.864652 93.067053
2020-04-21 21:39:33,848 valid 200 1.425380e+00 46.758396 93.143657
2020-04-21 21:39:41,734 valid 250 1.419891e+00 46.962151 93.139940
2020-04-21 21:39:49,744 valid 300 1.422096e+00 46.916528 93.054402
2020-04-21 21:39:57,545 valid 350 1.423119e+00 46.883903 93.024395
2020-04-21 21:40:03,765 valid_acc 46.724000
2020-04-21 21:40:03,890 epoch 1 lr 2.497632e-02
2020-04-21 21:40:03,891 genotype = Genotype(normal=[('dil_conv_3x3', 0), ('dil_conv_3x3', 1), ('sep_conv_3x3', 1), ('dil_conv_3x3', 0), ('dil_conv_3x3', 1), ('dil_conv_3x3', 0), ('dil_conv_3x3', 3), ('sep_conv_3x3', 4)], normal_concat=range(2, 6), reduce=[('max_pool_3x3', 0), ('none', 1), ('max_pool_3x3', 0), ('skip_connect', 2), ('max_pool_3x3', 0), ('max_pool_3x3', 2), ('max_pool_3x3', 0), ('max_pool_3x3', 2)], reduce_concat=range(2, 6))
2020-04-21 21:40:03,892 genotype_all = Genotype(normal=[('dil_conv_3x3', 0), ('dil_conv_3x3', 1), ('dil_conv_3x3', 0), ('sep_conv_3x3', 1), ('dil_conv_3x3', 2), ('dil_conv_3x3', 0), ('dil_conv_3x3', 1), ('dil_conv_3x3', 2), ('dil_conv_5x5', 3), ('conv_3x1_1x3', 0), ('conv_3x1_1x3', 1), ('sep_conv_5x5', 2), ('dil_conv_3x3', 3), ('sep_conv_3x3', 4)], normal_concat=range(2, 6), reduce=[('max_pool_3x3', 0), ('none', 1), ('max_pool_3x3', 0), ('skip_connect', 1), ('skip_connect', 2), ('max_pool_3x3', 0), ('max_pool_3x3', 1), ('max_pool_3x3', 2), ('max_pool_3x3', 3), ('max_pool_3x3', 0), ('max_pool_3x3', 1), ('max_pool_3x3', 2), ('skip_connect', 3), ('max_pool_3x3', 4)], reduce_concat=range(2, 6))
2020-04-21 21:40:03,892 Variable containing:
 0.1673  0.1666  0.1663  0.1642  0.1684  0.1671
 0.1665  0.1668  0.1670  0.1663  0.1677  0.1657
 0.1668  0.1671  0.1660  0.1669  0.1675  0.1658
 0.1670  0.1670  0.1676  0.1663  0.1666  0.1654
 0.1666  0.1665  0.1665  0.1665  0.1670  0.1669
 0.1664  0.1671  0.1664  0.1659  0.1683  0.1659
 0.1663  0.1668  0.1656  0.1657  0.1685  0.1671
 0.1667  0.1665  0.1659  0.1664  0.1676  0.1668
 0.1668  0.1674  0.1661  0.1659  0.1662  0.1675
 0.1669  0.1671  0.1664  0.1664  0.1670  0.1662
 0.1667  0.1673  0.1667  0.1667  0.1662  0.1663
 0.1670  0.1664  0.1660  0.1672  0.1664  0.1670
 0.1661  0.1666  0.1663  0.1665  0.1676  0.1668
 0.1659  0.1666  0.1676  0.1659  0.1671  0.1669
[torch.cuda.FloatTensor of size 14x6 (GPU 1)]

2020-04-21 21:40:03,894 Variable containing:
 0.1626  0.1625  0.1625  0.1773  0.1592  0.1758
 0.1707  0.1704  0.1621  0.1687  0.1600  0.1681
 0.1607  0.1626  0.1632  0.1777  0.1600  0.1757
 0.1694  0.1704  0.1622  0.1697  0.1598  0.1685
 0.1685  0.1742  0.1644  0.1731  0.1547  0.1652
 0.1611  0.1644  0.1633  0.1762  0.1602  0.1749
 0.1690  0.1696  0.1624  0.1699  0.1599  0.1691
 0.1685  0.1727  0.1638  0.1745  0.1541  0.1663
 0.1703  0.1711  0.1642  0.1737  0.1545  0.1662
 0.1590  0.1636  0.1633  0.1772  0.1610  0.1758
 0.1688  0.1667  0.1627  0.1715  0.1598  0.1705
 0.1664  0.1734  0.1650  0.1751  0.1545  0.1656
 0.1682  0.1737  0.1653  0.1731  0.1549  0.1649
 0.1696  0.1719  0.1659  0.1727  0.1555  0.1644
[torch.cuda.FloatTensor of size 14x6 (GPU 1)]

2020-04-21 21:40:06,543 train 000 1.312818e+00 54.687500 93.750000
2020-04-21 21:41:15,584 train 050 1.327791e+00 51.256127 93.535539
2020-04-21 21:42:24,802 train 100 1.335943e+00 50.943688 93.517946
2020-04-21 21:43:34,164 train 150 1.313949e+00 51.769454 93.718957
2020-04-21 21:44:44,066 train 200 1.291723e+00 52.782960 93.990983
2020-04-21 21:45:54,040 train 250 1.265854e+00 53.878237 94.229333
2020-04-21 21:47:03,546 train 300 1.249256e+00 54.687500 94.378115
2020-04-21 21:48:13,597 train 350 1.231284e+00 55.324074 94.533476
2020-04-21 21:49:08,932 train_acc 55.896000
2020-04-21 21:49:09,304 valid 000 1.380699e+00 54.687500 95.312500
2020-04-21 21:49:17,103 valid 050 1.228367e+00 57.291667 96.047794
2020-04-21 21:49:25,047 valid 100 1.257733e+00 56.188119 96.024134
2020-04-21 21:49:32,841 valid 150 1.239215e+00 56.694950 96.067881
2020-04-21 21:49:40,740 valid 200 1.247487e+00 56.242226 95.973259
2020-04-21 21:49:48,702 valid 250 1.251820e+00 55.988546 96.022161
2020-04-21 21:49:56,491 valid 300 1.251440e+00 55.897010 96.028862
2020-04-21 21:50:04,263 valid 350 1.256947e+00 55.764779 95.993590
2020-04-21 21:50:10,617 valid_acc 55.828000
2020-04-21 21:50:10,753 epoch 2 lr 2.490538e-02
2020-04-21 21:50:10,754 genotype = Genotype(normal=[('sep_conv_3x3', 1), ('conv_3x1_1x3', 0), ('dil_conv_3x3', 0), ('dil_conv_3x3', 2), ('sep_conv_3x3', 1), ('conv_3x3', 2), ('dil_conv_5x5', 2), ('sep_conv_3x3', 3)], normal_concat=range(2, 6), reduce=[('max_pool_3x3', 0), ('skip_connect', 1), ('max_pool_3x3', 0), ('max_pool_3x3', 2), ('max_pool_3x3', 0), ('max_pool_3x3', 2), ('max_pool_5x5', 0), ('max_pool_3x3', 2)], reduce_concat=range(2, 6))
2020-04-21 21:50:10,754 genotype_all = Genotype(normal=[('conv_3x1_1x3', 0), ('sep_conv_3x3', 1), ('dil_conv_3x3', 0), ('conv_3x3', 1), ('dil_conv_3x3', 2), ('sep_conv_3x3', 0), ('sep_conv_3x3', 1), ('conv_3x3', 2), ('dil_conv_5x5', 3), ('conv_3x3', 0), ('conv_3x3', 1), ('dil_conv_5x5', 2), ('sep_conv_3x3', 3), ('sep_conv_3x3', 4)], normal_concat=range(2, 6), reduce=[('max_pool_3x3', 0), ('skip_connect', 1), ('max_pool_3x3', 0), ('none', 1), ('max_pool_3x3', 2), ('max_pool_3x3', 0), ('none', 1), ('max_pool_3x3', 2), ('max_pool_3x3', 3), ('max_pool_5x5', 0), ('none', 1), ('max_pool_3x3', 2), ('max_pool_3x3', 3), ('max_pool_3x3', 4)], reduce_concat=range(2, 6))
2020-04-21 21:50:10,755 Variable containing:
 0.1674  0.1680  0.1651  0.1650  0.1669  0.1676
 0.1666  0.1664  0.1692  0.1646  0.1673  0.1659
 0.1665  0.1664  0.1659  0.1667  0.1679  0.1666
 0.1674  0.1672  0.1672  0.1663  0.1653  0.1666
 0.1667  0.1664  0.1667  0.1660  0.1676  0.1666
 0.1669  0.1666  0.1669  0.1662  0.1669  0.1666
 0.1671  0.1659  0.1680  0.1658  0.1669  0.1663
 0.1675  0.1666  0.1661  0.1655  0.1671  0.1673
 0.1670  0.1660  0.1668  0.1663  0.1664  0.1675
 0.1672  0.1668  0.1665  0.1665  0.1670  0.1660
 0.1674  0.1661  0.1662  0.1670  0.1667  0.1666
 0.1667  0.1664  0.1671  0.1653  0.1671  0.1676
 0.1671  0.1674  0.1674  0.1657  0.1670  0.1655
 0.1662  0.1663  0.1672  0.1668  0.1669  0.1667
[torch.cuda.FloatTensor of size 14x6 (GPU 1)]

2020-04-21 21:50:10,757 Variable containing:
 0.1573  0.1583  0.1547  0.1913  0.1491  0.1893
 0.1760  0.1765  0.1552  0.1695  0.1522  0.1706
 0.1539  0.1589  0.1560  0.1918  0.1504  0.1891
 0.1740  0.1739  0.1566  0.1715  0.1528  0.1712
 0.1693  0.1797  0.1595  0.1815  0.1437  0.1663
 0.1553  0.1588  0.1564  0.1892  0.1512  0.1891
 0.1732  0.1717  0.1573  0.1720  0.1533  0.1725
 0.1696  0.1769  0.1586  0.1842  0.1431  0.1676
 0.1733  0.1751  0.1594  0.1820  0.1439  0.1663
 0.1522  0.1583  0.1560  0.1905  0.1521  0.1909
 0.1738  0.1715  0.1570  0.1720  0.1529  0.1728
 0.1673  0.1772  0.1604  0.1842  0.1441  0.1669
 0.1707  0.1779  0.1607  0.1809  0.1447  0.1652
 0.1734  0.1747  0.1623  0.1796  0.1459  0.1641
[torch.cuda.FloatTensor of size 14x6 (GPU 1)]

2020-04-21 21:50:12,285 train 000 1.343479e+00 50.000000 93.750000
2020-04-21 21:51:20,825 train 050 1.085992e+00 61.917892 95.986520
2020-04-21 21:52:29,944 train 100 1.039976e+00 63.459158 96.287129
2020-04-21 21:53:38,910 train 150 1.023607e+00 63.907285 96.430050
2020-04-21 21:54:48,649 train 200 1.019593e+00 64.132463 96.431903
2020-04-21 21:55:57,800 train 250 1.010180e+00 64.323954 96.520169
2020-04-21 21:57:07,562 train 300 9.961382e-01 64.732143 96.610257
2020-04-21 21:58:17,450 train 350 9.878072e-01 64.903846 96.714744
2020-04-21 21:59:13,094 train_acc 65.268000
2020-04-21 21:59:13,466 valid 000 9.196616e-01 68.750000 96.875000
2020-04-21 21:59:21,448 valid 050 8.807973e-01 69.025735 97.273284
2020-04-21 21:59:29,259 valid 100 8.952811e-01 67.945545 97.168936
2020-04-21 21:59:37,114 valid 150 8.986194e-01 67.570364 97.464818
2020-04-21 21:59:44,884 valid 200 9.055796e-01 67.451803 97.411381
2020-04-21 21:59:52,779 valid 250 9.084563e-01 67.336902 97.472610
2020-04-21 22:00:00,647 valid 300 9.079672e-01 67.291321 97.482350
2020-04-21 22:00:08,525 valid 350 9.071287e-01 67.343305 97.493768
2020-04-21 22:00:14,860 valid_acc 67.392000
2020-04-21 22:00:14,993 epoch 3 lr 2.478745e-02
2020-04-21 22:00:14,994 genotype = Genotype(normal=[('sep_conv_3x3', 1), ('conv_3x3', 0), ('conv_3x3', 0), ('dil_conv_5x5', 2), ('dil_conv_5x5', 2), ('dil_conv_3x3', 1), ('dil_conv_5x5', 2), ('sep_conv_3x3', 1)], normal_concat=range(2, 6), reduce=[('max_pool_3x3', 0), ('none', 1), ('max_pool_3x3', 0), ('skip_connect', 2), ('max_pool_3x3', 0), ('max_pool_3x3', 2), ('max_pool_3x3', 0), ('max_pool_3x3', 2)], reduce_concat=range(2, 6))
2020-04-21 22:00:14,994 genotype_all = Genotype(normal=[('conv_3x3', 0), ('sep_conv_3x3', 1), ('conv_3x3', 0), ('dil_conv_5x5', 1), ('dil_conv_5x5', 2), ('dil_conv_3x3', 0), ('dil_conv_3x3', 1), ('dil_conv_5x5', 2), ('dil_conv_5x5', 3), ('conv_3x3', 0), ('sep_conv_3x3', 1), ('dil_conv_5x5', 2), ('sep_conv_3x3', 3), ('conv_3x1_1x3', 4)], normal_concat=range(2, 6), reduce=[('max_pool_3x3', 0), ('none', 1), ('max_pool_3x3', 0), ('none', 1), ('skip_connect', 2), ('max_pool_3x3', 0), ('none', 1), ('max_pool_3x3', 2), ('max_pool_3x3', 3), ('max_pool_3x3', 0), ('none', 1), ('max_pool_3x3', 2), ('max_pool_3x3', 3), ('max_pool_3x3', 4)], reduce_concat=range(2, 6))
2020-04-21 22:00:14,994 Variable containing:
 0.1679  0.1678  0.1666  0.1647  0.1655  0.1675
 0.1670  0.1668  0.1706  0.1652  0.1655  0.1648
 0.1679  0.1676  0.1666  0.1654  0.1663  0.1662
 0.1667  0.1665  0.1670  0.1661  0.1659  0.1677
 0.1656  0.1665  0.1676  0.1648  0.1677  0.1678
 0.1662  0.1672  0.1662  0.1654  0.1679  0.1671
 0.1667  0.1672  0.1660  0.1657  0.1682  0.1661
 0.1662  0.1666  0.1660  0.1656  0.1665  0.1692
 0.1664  0.1668  0.1667  0.1665  0.1662  0.1674
 0.1676  0.1669  0.1659  0.1676  0.1658  0.1662
 0.1671  0.1677  0.1678  0.1664  0.1652  0.1659
 0.1662  0.1655  0.1665  0.1668  0.1670  0.1680
 0.1670  0.1669  0.1677  0.1653  0.1673  0.1660
 0.1667  0.1671  0.1665  0.1658  0.1671  0.1668
[torch.cuda.FloatTensor of size 14x6 (GPU 1)]

2020-04-21 22:00:14,997 Variable containing:
 0.1524  0.1525  0.1500  0.2034  0.1419  0.1997
 0.1801  0.1790  0.1514  0.1703  0.1474  0.1718
 0.1482  0.1549  0.1520  0.2028  0.1437  0.1984
 0.1775  0.1752  0.1539  0.1728  0.1484  0.1721
 0.1727  0.1858  0.1557  0.1857  0.1349  0.1652
 0.1491  0.1553  0.1524  0.1992  0.1450  0.1990
 0.1755  0.1718  0.1552  0.1741  0.1495  0.1739
 0.1695  0.1827  0.1557  0.1899  0.1350  0.1672
 0.1751  0.1813  0.1566  0.1861  0.1360  0.1648
 0.1465  0.1536  0.1521  0.2011  0.1458  0.2009
 0.1765  0.1740  0.1549  0.1729  0.1489  0.1728
 0.1695  0.1823  0.1574  0.1893  0.1356  0.1660
 0.1744  0.1832  0.1578  0.1847  0.1366  0.1633
 0.1781  0.1781  0.1602  0.1831  0.1383  0.1622
[torch.cuda.FloatTensor of size 14x6 (GPU 1)]

2020-04-21 22:00:16,558 train 000 1.063157e+00 62.500000 98.437500
2020-04-21 22:01:25,778 train 050 8.147776e-01 70.404412 97.977941
2020-04-21 22:02:34,604 train 100 8.400539e-01 69.786510 97.973391
2020-04-21 22:03:44,305 train 150 8.396261e-01 70.302152 97.899421
2020-04-21 22:04:53,266 train 200 8.378964e-01 70.195896 97.854478
2020-04-21 22:06:03,385 train 250 8.302641e-01 70.573954 97.827440
2020-04-21 22:07:12,892 train 300 8.314044e-01 70.535714 97.850914
2020-04-21 22:08:22,149 train 350 8.231228e-01 70.926816 97.885506
2020-04-21 22:09:17,746 train_acc 71.104000
2020-04-21 22:09:18,058 valid 000 8.044791e-01 73.437500 95.312500
2020-04-21 22:09:25,883 valid 050 8.303435e-01 71.384804 97.487745
2020-04-21 22:09:33,751 valid 100 8.069174e-01 72.246287 97.586634
2020-04-21 22:09:41,600 valid 150 8.060981e-01 72.423427 97.537252
2020-04-21 22:09:49,511 valid 200 8.063134e-01 72.046020 97.527985
2020-04-21 22:09:57,287 valid 250 8.065811e-01 71.918576 97.565986
2020-04-21 22:10:05,127 valid 300 8.019201e-01 72.015158 97.612126
2020-04-21 22:10:13,222 valid 350 8.029705e-01 71.910613 97.640670
2020-04-21 22:10:19,485 valid_acc 71.852000
2020-04-21 22:10:19,618 epoch 4 lr 2.462300e-02
2020-04-21 22:10:19,619 genotype = Genotype(normal=[('sep_conv_3x3', 1), ('dil_conv_5x5', 0), ('sep_conv_3x3', 2), ('conv_3x3', 0), ('dil_conv_3x3', 1), ('dil_conv_3x3', 0), ('dil_conv_5x5', 2), ('sep_conv_5x5', 0)], normal_concat=range(2, 6), reduce=[('max_pool_3x3', 0), ('skip_connect', 1), ('max_pool_3x3', 0), ('max_pool_3x3', 2), ('max_pool_5x5', 0), ('max_pool_3x3', 2), ('max_pool_5x5', 0), ('max_pool_3x3', 2)], reduce_concat=range(2, 6))
2020-04-21 22:10:19,619 genotype_all = Genotype(normal=[('dil_conv_5x5', 0), ('sep_conv_3x3', 1), ('conv_3x3', 0), ('dil_conv_5x5', 1), ('sep_conv_3x3', 2), ('dil_conv_3x3', 0), ('dil_conv_3x3', 1), ('dil_conv_3x3', 2), ('conv_3x1_1x3', 3), ('sep_conv_5x5', 0), ('sep_conv_3x3', 1), ('dil_conv_5x5', 2), ('dil_conv_3x3', 3), ('sep_conv_3x3', 4)], normal_concat=range(2, 6), reduce=[('max_pool_3x3', 0), ('skip_connect', 1), ('max_pool_3x3', 0), ('max_pool_3x3', 1), ('max_pool_3x3', 2), ('max_pool_5x5', 0), ('max_pool_3x3', 1), ('max_pool_3x3', 2), ('max_pool_3x3', 3), ('max_pool_5x5', 0), ('max_pool_3x3', 1), ('max_pool_3x3', 2), ('max_pool_3x3', 3), ('max_pool_3x3', 4)], reduce_concat=range(2, 6))
2020-04-21 22:10:19,619 Variable containing:
 0.1671  0.1672  0.1660  0.1644  0.1666  0.1688
 0.1666  0.1654  0.1708  0.1670  0.1649  0.1653
 0.1675  0.1672  0.1659  0.1660  0.1667  0.1668
 0.1665  0.1672  0.1672  0.1659  0.1658  0.1674
 0.1663  0.1665  0.1680  0.1657  0.1660  0.1675
 0.1673  0.1668  0.1661  0.1657  0.1679  0.1663
 0.1669  0.1674  0.1661  0.1659  0.1681  0.1656
 0.1668  0.1663  0.1663  0.1664  0.1675  0.1667
 0.1669  0.1672  0.1667  0.1670  0.1652  0.1670
 0.1673  0.1665  0.1671  0.1676  0.1648  0.1667
 0.1668  0.1671  0.1672  0.1665  0.1663  0.1662
 0.1666  0.1663  0.1662  0.1668  0.1662  0.1679
 0.1668  0.1671  0.1668  0.1664  0.1674  0.1654
 0.1666  0.1672  0.1672  0.1666  0.1657  0.1668
[torch.cuda.FloatTensor of size 14x6 (GPU 1)]

2020-04-21 22:10:19,622 Variable containing:
 0.1528  0.1535  0.1453  0.2076  0.1364  0.2043
 0.1784  0.1810  0.1490  0.1733  0.1438  0.1745
 0.1477  0.1538  0.1486  0.2080  0.1390  0.2030
 0.1756  0.1716  0.1532  0.1777  0.1458  0.1761
 0.1716  0.1903  0.1526  0.1908  0.1289  0.1657
 0.1486  0.1550  0.1497  0.2027  0.1408  0.2033
 0.1741  0.1690  0.1541  0.1781  0.1470  0.1778
 0.1694  0.1861  0.1528  0.1946  0.1294  0.1676
 0.1776  0.1846  0.1542  0.1889  0.1308  0.1638
 0.1472  0.1527  0.1483  0.2046  0.1409  0.2064
 0.1743  0.1736  0.1536  0.1761  0.1465  0.1758
 0.1699  0.1847  0.1544  0.1941  0.1302  0.1667
 0.1773  0.1852  0.1552  0.1879  0.1315  0.1629
 0.1814  0.1788  0.1576  0.1866  0.1335  0.1621
[torch.cuda.FloatTensor of size 14x6 (GPU 1)]

2020-04-21 22:10:21,092 train 000 5.562071e-01 79.687500 98.437500
2020-04-21 22:11:30,189 train 050 6.867779e-01 75.980392 98.406863
2020-04-21 22:12:39,563 train 100 7.097788e-01 75.046411 98.329208
2020-04-21 22:13:49,087 train 150 7.162658e-01 75.062086 98.302980
2020-04-21 22:14:58,932 train 200 7.263508e-01 74.626866 98.367537
2020-04-21 22:16:08,478 train 250 7.206038e-01 74.887948 98.350349
2020-04-21 22:17:17,889 train 300 7.131437e-01 75.275125 98.395972
2020-04-21 22:18:27,329 train 350 7.135586e-01 75.293803 98.379630
2020-04-21 22:19:22,438 train_acc 75.500000
2020-04-21 22:19:22,753 valid 000 6.650085e-01 78.125000 100.000000
2020-04-21 22:19:30,587 valid 050 7.081373e-01 74.417892 98.529412
2020-04-21 22:19:38,369 valid 100 7.107243e-01 74.443069 98.514851
2020-04-21 22:19:46,389 valid 150 7.186491e-01 74.720613 98.416805
2020-04-21 22:19:54,284 valid 200 7.117245e-01 75.178794 98.414179
2020-04-21 22:20:02,379 valid 250 7.153564e-01 75.049801 98.337898
2020-04-21 22:20:10,158 valid 300 7.133720e-01 75.124585 98.416736
2020-04-21 22:20:18,094 valid 350 7.115960e-01 75.129095 98.450855
2020-04-21 22:20:24,373 valid_acc 75.160000
2020-04-21 22:20:24,519 epoch 5 lr 2.441268e-02
2020-04-21 22:20:24,519 genotype = Genotype(normal=[('sep_conv_3x3', 1), ('dil_conv_5x5', 0), ('sep_conv_5x5', 0), ('dil_conv_5x5', 2), ('dil_conv_3x3', 1), ('dil_conv_5x5', 3), ('dil_conv_3x3', 4), ('dil_conv_3x3', 3)], normal_concat=range(2, 6), reduce=[('max_pool_3x3', 0), ('skip_connect', 1), ('max_pool_3x3', 0), ('skip_connect', 2), ('max_pool_3x3', 0), ('max_pool_3x3', 2), ('max_pool_3x3', 0), ('max_pool_3x3', 2)], reduce_concat=range(2, 6))
2020-04-21 22:20:24,520 genotype_all = Genotype(normal=[('dil_conv_5x5', 0), ('sep_conv_3x3', 1), ('sep_conv_5x5', 0), ('conv_3x1_1x3', 1), ('dil_conv_5x5', 2), ('sep_conv_3x3', 0), ('dil_conv_3x3', 1), ('dil_conv_3x3', 2), ('dil_conv_5x5', 3), ('sep_conv_3x3', 0), ('sep_conv_3x3', 1), ('dil_conv_5x5', 2), ('dil_conv_3x3', 3), ('dil_conv_3x3', 4)], normal_concat=range(2, 6), reduce=[('max_pool_3x3', 0), ('skip_connect', 1), ('max_pool_3x3', 0), ('max_pool_3x3', 1), ('skip_connect', 2), ('max_pool_3x3', 0), ('max_pool_3x3', 1), ('max_pool_3x3', 2), ('skip_connect', 3), ('max_pool_3x3', 0), ('max_pool_3x3', 1), ('max_pool_3x3', 2), ('skip_connect', 3), ('none', 4)], reduce_concat=range(2, 6))
2020-04-21 22:20:24,520 Variable containing:
 0.1667  0.1674  0.1663  0.1644  0.1664  0.1689
 0.1662  0.1657  0.1713  0.1671  0.1636  0.1661
 0.1670  0.1659  0.1668  0.1682  0.1647  0.1675
 0.1670  0.1673  0.1671  0.1664  0.1660  0.1663
 0.1660  0.1666  0.1667  0.1671  0.1662  0.1674
 0.1666  0.1662  0.1673  0.1666  0.1670  0.1664
 0.1669  0.1666  0.1655  0.1670  0.1683  0.1657
 0.1664  0.1665  0.1671  0.1654  0.1674  0.1672
 0.1659  0.1675  0.1659  0.1668  0.1661  0.1678
 0.1666  0.1662  0.1679  0.1668  0.1650  0.1674
 0.1667  0.1673  0.1678  0.1657  0.1665  0.1660
 0.1674  0.1666  0.1655  0.1659  0.1666  0.1679
 0.1666  0.1662  0.1668  0.1659  0.1681  0.1665
 0.1664  0.1667  0.1661  0.1657  0.1683  0.1668
[torch.cuda.FloatTensor of size 14x6 (GPU 1)]

2020-04-21 22:20:24,523 Variable containing:
 0.1510  0.1498  0.1423  0.2152  0.1321  0.2096
 0.1778  0.1811  0.1466  0.1768  0.1398  0.1780
 0.1447  0.1504  0.1464  0.2158  0.1353  0.2074
 0.1738  0.1715  0.1516  0.1813  0.1425  0.1793
 0.1741  0.1987  0.1511  0.1924  0.1224  0.1613
 0.1447  0.1515  0.1481  0.2100  0.1373  0.2084
 0.1731  0.1649  0.1537  0.1824  0.1447  0.1811
 0.1708  0.1942  0.1521  0.1966  0.1234  0.1629
 0.1811  0.1925  0.1537  0.1888  0.1252  0.1587
 0.1438  0.1495  0.1468  0.2119  0.1371  0.2109
 0.1731  0.1719  0.1527  0.1794  0.1439  0.1790
 0.1727  0.1916  0.1531  0.1966  0.1237  0.1623
 0.1820  0.1917  0.1541  0.1885  0.1256  0.1582
 0.1881  0.1825  0.1572  0.1867  0.1281  0.1575
[torch.cuda.FloatTensor of size 14x6 (GPU 1)]

2020-04-21 22:20:25,985 train 000 6.331058e-01 78.125000 98.437500
2020-04-21 22:21:35,575 train 050 6.632230e-01 77.297794 98.498775
2020-04-21 22:22:45,405 train 100 6.480187e-01 77.691832 98.452970
2020-04-21 22:23:54,427 train 150 6.334715e-01 78.600993 98.427152
2020-04-21 22:25:04,111 train 200 6.312951e-01 78.568097 98.453047
2020-04-21 22:26:13,485 train 250 6.368201e-01 78.305528 98.493526
2020-04-21 22:27:23,170 train 300 6.375421e-01 78.254776 98.567276
2020-04-21 22:28:32,574 train 350 6.372889e-01 78.129452 98.539886
2020-04-21 22:29:27,981 train_acc 78.072000
2020-04-21 22:29:28,296 valid 000 7.372667e-01 76.562500 98.437500
2020-04-21 22:29:35,984 valid 050 7.113065e-01 74.938725 97.947304
2020-04-21 22:29:44,167 valid 100 6.735599e-01 76.701733 98.344678
2020-04-21 22:29:51,987 valid 150 6.776358e-01 76.459023 98.416805
2020-04-21 22:29:59,747 valid 200 6.842846e-01 76.103856 98.398632
2020-04-21 22:30:07,608 valid 250 6.884304e-01 76.139193 98.468625
2020-04-21 22:30:15,453 valid 300 6.925070e-01 76.188746 98.406354
2020-04-21 22:30:23,182 valid 350 6.985630e-01 75.921474 98.428597
2020-04-21 22:30:29,661 valid_acc 75.916000
2020-04-21 22:30:29,802 epoch 6 lr 2.415732e-02
2020-04-21 22:30:29,803 genotype = Genotype(normal=[('sep_conv_3x3', 1), ('dil_conv_5x5', 0), ('sep_conv_3x3', 2), ('conv_3x3', 0), ('sep_conv_3x3', 2), ('dil_conv_5x5', 3), ('dil_conv_3x3', 4), ('sep_conv_3x3', 1)], normal_concat=range(2, 6), reduce=[('max_pool_3x3', 0), ('skip_connect', 1), ('max_pool_3x3', 0), ('skip_connect', 2), ('max_pool_3x3', 0), ('skip_connect', 2), ('max_pool_3x3', 0), ('max_pool_3x3', 2)], reduce_concat=range(2, 6))
2020-04-21 22:30:29,803 genotype_all = Genotype(normal=[('dil_conv_5x5', 0), ('sep_conv_3x3', 1), ('conv_3x3', 0), ('dil_conv_3x3', 1), ('sep_conv_3x3', 2), ('sep_conv_3x3', 0), ('conv_3x1_1x3', 1), ('sep_conv_3x3', 2), ('dil_conv_5x5', 3), ('sep_conv_3x3', 0), ('sep_conv_3x3', 1), ('dil_conv_3x3', 2), ('dil_conv_3x3', 3), ('dil_conv_3x3', 4)], normal_concat=range(2, 6), reduce=[('max_pool_3x3', 0), ('skip_connect', 1), ('max_pool_3x3', 0), ('max_pool_3x3', 1), ('skip_connect', 2), ('max_pool_3x3', 0), ('max_pool_3x3', 1), ('skip_connect', 2), ('skip_connect', 3), ('max_pool_3x3', 0), ('max_pool_5x5', 1), ('max_pool_3x3', 2), ('skip_connect', 3), ('none', 4)], reduce_concat=range(2, 6))
2020-04-21 22:30:29,803 Variable containing:
 0.1668  0.1666  0.1650  0.1654  0.1670  0.1692
 0.1656  0.1662  0.1708  0.1659  0.1644  0.1672
 0.1674  0.1663  0.1667  0.1666  0.1658  0.1671
 0.1670  0.1669  0.1670  0.1655  0.1673  0.1663
 0.1667  0.1670  0.1682  0.1663  0.1645  0.1674
 0.1666  0.1670  0.1672  0.1663  0.1672  0.1658
 0.1662  0.1672  0.1664  0.1665  0.1670  0.1667
 0.1669  0.1662  0.1678  0.1655  0.1669  0.1667
 0.1664  0.1658  0.1664  0.1668  0.1671  0.1675
 0.1671  0.1674  0.1680  0.1676  0.1633  0.1665
 0.1663  0.1668  0.1682  0.1669  0.1664  0.1654
 0.1669  0.1658  0.1659  0.1665  0.1680  0.1669
 0.1667  0.1663  0.1675  0.1649  0.1676  0.1670
 0.1668  0.1660  0.1660  0.1664  0.1686  0.1662
[torch.cuda.FloatTensor of size 14x6 (GPU 1)]

2020-04-21 22:30:29,806 Variable containing:
 0.1508  0.1496  0.1419  0.2171  0.1302  0.2103
 0.1762  0.1819  0.1454  0.1785  0.1377  0.1803
 0.1434  0.1486  0.1466  0.2186  0.1341  0.2087
 0.1719  0.1691  0.1516  0.1843  0.1410  0.1821
 0.1745  0.2056  0.1508  0.1932  0.1181  0.1578
 0.1426  0.1528  0.1479  0.2118  0.1356  0.2093
 0.1713  0.1636  0.1540  0.1842  0.1436  0.1833
 0.1712  0.2010  0.1517  0.1976  0.1191  0.1595
 0.1839  0.1985  0.1525  0.1888  0.1208  0.1555
 0.1424  0.1460  0.1469  0.2154  0.1356  0.2137
 0.1719  0.1715  0.1528  0.1804  0.1428  0.1807
 0.1743  0.1975  0.1520  0.1978  0.1192  0.1591
 0.1861  0.1963  0.1524  0.1887  0.1212  0.1553
 0.1925  0.1857  0.1559  0.1870  0.1241  0.1548
[torch.cuda.FloatTensor of size 14x6 (GPU 1)]

2020-04-21 22:30:31,345 train 000 5.408995e-01 81.250000 100.000000
2020-04-21 22:31:40,572 train 050 5.714269e-01 79.993873 98.988971
2020-04-21 22:32:49,894 train 100 5.796959e-01 79.826733 98.917079
2020-04-21 22:33:59,372 train 150 5.759300e-01 79.904801 98.903146
2020-04-21 22:35:09,176 train 200 5.754685e-01 79.944030 98.849502
2020-04-21 22:36:19,327 train 250 5.826355e-01 79.780876 98.873257
2020-04-21 22:37:29,560 train 300 5.765207e-01 80.061254 98.925457
2020-04-21 22:38:39,475 train 350 5.754938e-01 80.105947 98.949430
2020-04-21 22:39:35,572 train_acc 79.896000
2020-04-21 22:39:35,901 valid 000 7.187968e-01 75.000000 100.000000
2020-04-21 22:39:43,979 valid 050 6.516898e-01 77.971814 98.560049
2020-04-21 22:39:51,824 valid 100 6.422419e-01 78.047649 98.793317
2020-04-21 22:40:00,082 valid 150 6.290889e-01 78.362997 98.778974
2020-04-21 22:40:08,088 valid 200 6.182515e-01 78.746891 98.849502
2020-04-21 22:40:16,339 valid 250 6.230661e-01 78.548307 98.829681
2020-04-21 22:40:24,352 valid 300 6.281428e-01 78.332641 98.826827
2020-04-21 22:40:32,322 valid 350 6.268596e-01 78.311966 98.798077
2020-04-21 22:40:38,684 valid_acc 78.428000
2020-04-21 22:40:38,835 epoch 7 lr 2.385792e-02
2020-04-21 22:40:38,836 genotype = Genotype(normal=[('sep_conv_3x3', 1), ('conv_3x1_1x3', 0), ('sep_conv_3x3', 2), ('conv_3x3', 0), ('sep_conv_3x3', 0), ('dil_conv_3x3', 2), ('sep_conv_3x3', 1), ('dil_conv_3x3', 3)], normal_concat=range(2, 6), reduce=[('max_pool_3x3', 0), ('skip_connect', 1), ('max_pool_3x3', 0), ('skip_connect', 2), ('max_pool_3x3', 0), ('skip_connect', 2), ('max_pool_3x3', 0), ('skip_connect', 2)], reduce_concat=range(2, 6))
2020-04-21 22:40:38,837 genotype_all = Genotype(normal=[('conv_3x1_1x3', 0), ('sep_conv_3x3', 1), ('conv_3x3', 0), ('sep_conv_3x3', 1), ('sep_conv_3x3', 2), ('sep_conv_3x3', 0), ('conv_3x1_1x3', 1), ('dil_conv_3x3', 2), ('conv_3x1_1x3', 3), ('sep_conv_3x3', 0), ('sep_conv_3x3', 1), ('dil_conv_3x3', 2), ('dil_conv_3x3', 3), ('dil_conv_3x3', 4)], normal_concat=range(2, 6), reduce=[('max_pool_3x3', 0), ('skip_connect', 1), ('max_pool_3x3', 0), ('max_pool_3x3', 1), ('skip_connect', 2), ('max_pool_3x3', 0), ('max_pool_3x3', 1), ('skip_connect', 2), ('skip_connect', 3), ('max_pool_3x3', 0), ('max_pool_3x3', 1), ('skip_connect', 2), ('skip_connect', 3), ('none', 4)], reduce_concat=range(2, 6))
2020-04-21 22:40:38,837 Variable containing:
 0.1680  0.1681  0.1653  0.1648  0.1663  0.1674
 0.1659  0.1650  0.1705  0.1666  0.1650  0.1671
 0.1677  0.1673  0.1666  0.1663  0.1662  0.1658
 0.1670  0.1666  0.1673  0.1660  0.1657  0.1673
 0.1666  0.1670  0.1689  0.1658  0.1658  0.1659
 0.1676  0.1667  0.1677  0.1666  0.1661  0.1653
 0.1665  0.1673  0.1661  0.1663  0.1671  0.1668
 0.1670  0.1662  0.1668  0.1668  0.1675  0.1657
 0.1666  0.1674  0.1659  0.1670  0.1662  0.1669
 0.1671  0.1673  0.1676  0.1671  0.1658  0.1651
 0.1671  0.1671  0.1679  0.1661  0.1666  0.1653
 0.1672  0.1665  0.1662  0.1659  0.1674  0.1668
 0.1665  0.1662  0.1674  0.1665  0.1676  0.1660
 0.1669  0.1661  0.1662  0.1663  0.1675  0.1670
[torch.cuda.FloatTensor of size 14x6 (GPU 1)]

2020-04-21 22:40:38,840 Variable containing:
 0.1492  0.1490  0.1404  0.2212  0.1277  0.2125
 0.1760  0.1843  0.1435  0.1798  0.1350  0.1814
 0.1400  0.1467  0.1460  0.2247  0.1321  0.2107
 0.1716  0.1685  0.1509  0.1867  0.1391  0.1833
 0.1753  0.2142  0.1511  0.1920  0.1147  0.1528
 0.1391  0.1520  0.1472  0.2168  0.1338  0.2112
 0.1713  0.1623  0.1540  0.1864  0.1422  0.1838
 0.1731  0.2089  0.1522  0.1958  0.1158  0.1543
 0.1883  0.2056  0.1529  0.1854  0.1178  0.1500
 0.1394  0.1431  0.1461  0.2215  0.1335  0.2164
 0.1713  0.1718  0.1522  0.1822  0.1410  0.1816
 0.1764  0.2045  0.1517  0.1970  0.1155  0.1548
 0.1903  0.2026  0.1522  0.1865  0.1178  0.1506
 0.1983  0.1896  0.1559  0.1847  0.1210  0.1505
[torch.cuda.FloatTensor of size 14x6 (GPU 1)]

2020-04-21 22:40:40,379 train 000 5.096525e-01 84.375000 98.437500
2020-04-21 22:41:50,851 train 050 5.119908e-01 82.261029 99.080882
2020-04-21 22:43:01,125 train 100 5.287210e-01 82.023515 99.102723
2020-04-21 22:44:11,596 train 150 5.310683e-01 81.788079 99.172185
2020-04-21 22:45:22,160 train 200 5.293804e-01 81.801928 99.074938
2020-04-21 22:46:32,410 train 250 5.289816e-01 81.691982 99.091135
2020-04-21 22:47:42,941 train 300 5.274539e-01 81.784676 99.091570
2020-04-21 22:48:53,203 train 350 5.290232e-01 81.735221 99.114138
2020-04-21 22:49:49,037 train_acc 81.688000
2020-04-21 22:49:49,408 valid 000 7.459580e-01 78.125000 96.875000
2020-04-21 22:49:57,363 valid 050 6.470227e-01 78.247549 98.958333
2020-04-21 22:50:05,305 valid 100 6.277899e-01 78.852104 98.917079
2020-04-21 22:50:13,379 valid 150 6.294245e-01 78.632036 98.944536
2020-04-21 22:50:21,698 valid 200 6.252918e-01 78.505908 98.927239
2020-04-21 22:50:29,662 valid 250 6.265808e-01 78.486056 98.898157
2020-04-21 22:50:37,739 valid 300 6.316625e-01 78.436462 98.899502
2020-04-21 22:50:45,629 valid 350 6.337923e-01 78.320869 98.851496
2020-04-21 22:50:51,983 valid_acc 78.332000
2020-04-21 22:50:52,118 epoch 8 lr 2.351568e-02
2020-04-21 22:50:52,118 genotype = Genotype(normal=[('sep_conv_3x3', 1), ('conv_3x1_1x3', 0), ('conv_3x3', 0), ('conv_3x1_1x3', 1), ('sep_conv_3x3', 0), ('conv_3x1_1x3', 1), ('sep_conv_3x3', 1), ('sep_conv_3x3', 3)], normal_concat=range(2, 6), reduce=[('max_pool_3x3', 0), ('max_pool_5x5', 1), ('max_pool_3x3', 0), ('skip_connect', 2), ('max_pool_3x3', 0), ('skip_connect', 2), ('max_pool_3x3', 0), ('skip_connect', 2)], reduce_concat=range(2, 6))
2020-04-21 22:50:52,119 genotype_all = Genotype(normal=[('conv_3x1_1x3', 0), ('sep_conv_3x3', 1), ('conv_3x3', 0), ('conv_3x1_1x3', 1), ('sep_conv_3x3', 2), ('sep_conv_3x3', 0), ('conv_3x1_1x3', 1), ('dil_conv_3x3', 2), ('dil_conv_3x3', 3), ('conv_3x1_1x3', 0), ('sep_conv_3x3', 1), ('conv_3x3', 2), ('sep_conv_3x3', 3), ('dil_conv_3x3', 4)], normal_concat=range(2, 6), reduce=[('max_pool_3x3', 0), ('max_pool_5x5', 1), ('max_pool_3x3', 0), ('max_pool_3x3', 1), ('skip_connect', 2), ('max_pool_3x3', 0), ('max_pool_3x3', 1), ('skip_connect', 2), ('skip_connect', 3), ('max_pool_3x3', 0), ('max_pool_3x3', 1), ('skip_connect', 2), ('skip_connect', 3), ('none', 4)], reduce_concat=range(2, 6))
2020-04-21 22:50:52,119 Variable containing:
 0.1676  0.1689  0.1661  0.1645  0.1658  0.1672
 0.1661  0.1661  0.1699  0.1654  0.1659  0.1667
 0.1680  0.1667  0.1659  0.1669  0.1655  0.1670
 0.1674  0.1677  0.1663  0.1660  0.1660  0.1666
 0.1668  0.1675  0.1677  0.1660  0.1658  0.1662
 0.1673  0.1667  0.1688  0.1664  0.1662  0.1647
 0.1662  0.1680  0.1659  0.1652  0.1678  0.1669
 0.1664  0.1667  0.1669  0.1663  0.1680  0.1657
 0.1664  0.1669  0.1671  0.1662  0.1675  0.1657
 0.1675  0.1676  0.1663  0.1674  0.1655  0.1657
 0.1664  0.1659  0.1683  0.1667  0.1679  0.1649
 0.1675  0.1666  0.1665  0.1656  0.1673  0.1666
 0.1668  0.1662  0.1682  0.1658  0.1664  0.1666
 0.1669  0.1659  0.1660  0.1666  0.1678  0.1667
[torch.cuda.FloatTensor of size 14x6 (GPU 1)]

2020-04-21 22:50:52,122 Variable containing:
 0.1496  0.1471  0.1398  0.2246  0.1261  0.2128
 0.1733  0.1841  0.1427  0.1820  0.1333  0.1845
 0.1393  0.1477  0.1450  0.2274  0.1306  0.2100
 0.1690  0.1669  0.1504  0.1895  0.1378  0.1864
 0.1782  0.2210  0.1515  0.1893  0.1118  0.1482
 0.1378  0.1484  0.1481  0.2209  0.1335  0.2114
 0.1686  0.1614  0.1537  0.1883  0.1414  0.1866
 0.1731  0.2162  0.1535  0.1934  0.1136  0.1502
 0.1887  0.2128  0.1532  0.1830  0.1155  0.1467
 0.1385  0.1417  0.1464  0.2247  0.1326  0.2162
 0.1692  0.1697  0.1523  0.1843  0.1405  0.1840
 0.1794  0.2111  0.1520  0.1943  0.1128  0.1504
 0.1938  0.2078  0.1520  0.1841  0.1153  0.1470
 0.2037  0.1922  0.1561  0.1820  0.1189  0.1472
[torch.cuda.FloatTensor of size 14x6 (GPU 1)]

2020-04-21 22:50:53,659 train 000 3.453496e-01 84.375000 100.000000
2020-04-21 22:52:03,458 train 050 4.804172e-01 83.578431 99.387255
2020-04-21 22:53:13,509 train 100 4.771990e-01 83.910891 99.257426
2020-04-21 22:54:23,549 train 150 4.901329e-01 83.185017 99.286010
2020-04-21 22:55:33,276 train 200 4.830890e-01 83.481032 99.284826
2020-04-21 22:56:43,632 train 250 4.865579e-01 83.329183 99.290339
2020-04-21 22:57:54,065 train 300 4.910217e-01 83.217400 99.304402
2020-04-21 22:59:03,953 train 350 4.903494e-01 83.084046 99.345620
2020-04-21 23:00:00,048 train_acc 83.156000
2020-04-21 23:00:00,465 valid 000 4.258690e-01 84.375000 100.000000
2020-04-21 23:00:08,491 valid 050 5.595297e-01 81.648284 98.958333
2020-04-21 23:00:16,675 valid 100 5.450413e-01 81.868812 98.978960
2020-04-21 23:00:24,731 valid 150 5.609121e-01 81.612169 98.882450
2020-04-21 23:00:32,780 valid 200 5.672775e-01 81.382152 98.865050
2020-04-21 23:00:40,707 valid 250 5.734458e-01 81.032122 98.798556
2020-04-21 23:00:48,659 valid 300 5.732559e-01 81.083887 98.857973
2020-04-21 23:00:56,658 valid 350 5.696726e-01 81.152066 98.896011
2020-04-21 23:01:03,130 valid_acc 81.120000
2020-04-21 23:01:03,259 epoch 9 lr 2.313194e-02
2020-04-21 23:01:03,260 genotype = Genotype(normal=[('sep_conv_3x3', 1), ('conv_3x1_1x3', 0), ('sep_conv_3x3', 2), ('sep_conv_3x3', 1), ('dil_conv_3x3', 1), ('sep_conv_3x3', 0), ('dil_conv_5x5', 3), ('dil_conv_3x3', 2)], normal_concat=range(2, 6), reduce=[('max_pool_3x3', 0), ('max_pool_5x5', 1), ('max_pool_3x3', 0), ('skip_connect', 2), ('max_pool_3x3', 0), ('skip_connect', 2), ('max_pool_3x3', 0), ('skip_connect', 2)], reduce_concat=range(2, 6))
2020-04-21 23:01:03,261 genotype_all = Genotype(normal=[('conv_3x1_1x3', 0), ('sep_conv_3x3', 1), ('conv_3x1_1x3', 0), ('sep_conv_3x3', 1), ('sep_conv_3x3', 2), ('sep_conv_3x3', 0), ('dil_conv_3x3', 1), ('dil_conv_3x3', 2), ('dil_conv_3x3', 3), ('conv_3x1_1x3', 0), ('sep_conv_3x3', 1), ('dil_conv_3x3', 2), ('dil_conv_5x5', 3), ('conv_3x1_1x3', 4)], normal_concat=range(2, 6), reduce=[('max_pool_3x3', 0), ('max_pool_5x5', 1), ('max_pool_3x3', 0), ('max_pool_3x3', 1), ('skip_connect', 2), ('max_pool_3x3', 0), ('max_pool_3x3', 1), ('skip_connect', 2), ('skip_connect', 3), ('max_pool_3x3', 0), ('max_pool_3x3', 1), ('skip_connect', 2), ('skip_connect', 3), ('none', 4)], reduce_concat=range(2, 6))
2020-04-21 23:01:03,261 Variable containing:
 0.1676  0.1692  0.1664  0.1646  0.1657  0.1665
 0.1656  0.1657  0.1707  0.1651  0.1660  0.1669
 0.1670  0.1671  0.1665  0.1665  0.1661  0.1668
 0.1665  0.1670  0.1675  0.1658  0.1661  0.1671
 0.1676  0.1667  0.1678  0.1663  0.1657  0.1659
 0.1675  0.1670  0.1683  0.1670  0.1648  0.1654
 0.1659  0.1675  0.1659  0.1664  0.1684  0.1659
 0.1673  0.1669  0.1660  0.1668  0.1681  0.1648
 0.1661  0.1664  0.1668  0.1662  0.1675  0.1670
 0.1677  0.1677  0.1661  0.1673  0.1650  0.1663
 0.1671  0.1671  0.1672  0.1665  0.1662  0.1660
 0.1668  0.1671  0.1660  0.1663  0.1679  0.1660
 0.1667  0.1664  0.1677  0.1654  0.1657  0.1682
 0.1663  0.1674  0.1666  0.1674  0.1661  0.1663
[torch.cuda.FloatTensor of size 14x6 (GPU 1)]

2020-04-21 23:01:03,264 Variable containing:
 0.1475  0.1471  0.1397  0.2282  0.1241  0.2133
 0.1734  0.1850  0.1420  0.1831  0.1315  0.1850
 0.1367  0.1464  0.1456  0.2320  0.1288  0.2105
 0.1684  0.1670  0.1502  0.1913  0.1364  0.1867
 0.1797  0.2296  0.1514  0.1869  0.1086  0.1439
 0.1349  0.1457  0.1496  0.2260  0.1320  0.2119
 0.1685  0.1612  0.1539  0.1900  0.1401  0.1863
 0.1748  0.2247  0.1533  0.1910  0.1104  0.1459
 0.1924  0.2199  0.1523  0.1804  0.1125  0.1426
 0.1356  0.1403  0.1478  0.2293  0.1313  0.2157
 0.1688  0.1707  0.1525  0.1853  0.1395  0.1833
 0.1814  0.2191  0.1520  0.1916  0.1099  0.1461
 0.1977  0.2141  0.1512  0.1815  0.1125  0.1431
 0.2096  0.1958  0.1557  0.1790  0.1165  0.1434
[torch.cuda.FloatTensor of size 14x6 (GPU 1)]

2020-04-21 23:01:04,767 train 000 4.365557e-01 84.375000 100.000000
2020-04-21 23:02:15,087 train 050 4.221270e-01 85.018382 99.479167
2020-04-21 23:03:24,940 train 100 4.416715e-01 84.684406 99.334777
2020-04-21 23:04:34,820 train 150 4.433621e-01 84.644040 99.379139
2020-04-21 23:05:44,912 train 200 4.440733e-01 84.561567 99.385883
2020-04-21 23:06:54,934 train 250 4.501472e-01 84.356325 99.371265
2020-04-21 23:08:04,943 train 300 4.504884e-01 84.333472 99.335548
2020-04-21 23:09:14,931 train 350 4.515326e-01 84.415064 99.292201
2020-04-21 23:10:10,583 train_acc 84.292000
2020-04-21 23:10:10,918 valid 000 7.061585e-01 71.875000 98.437500
2020-04-21 23:10:18,897 valid 050 5.615156e-01 81.648284 99.264706
2020-04-21 23:10:27,074 valid 100 5.525332e-01 81.868812 99.102723
2020-04-21 23:10:34,996 valid 150 5.504132e-01 81.736341 99.151490
2020-04-21 23:10:43,015 valid 200 5.466573e-01 81.910759 99.137127
2020-04-21 23:10:51,002 valid 250 5.546029e-01 81.685757 99.041335
2020-04-21 23:10:59,010 valid 300 5.580338e-01 81.499169 99.034468
2020-04-21 23:11:07,040 valid 350 5.621800e-01 81.392450 99.011752
2020-04-21 23:11:13,468 valid_acc 81.408000
2020-04-21 23:11:13,611 epoch 10 lr 2.270820e-02
2020-04-21 23:11:13,612 genotype = Genotype(normal=[('sep_conv_3x3', 1), ('conv_3x1_1x3', 0), ('dil_conv_3x3', 0), ('conv_3x1_1x3', 1), ('dil_conv_3x3', 2), ('sep_conv_3x3', 0), ('dil_conv_5x5', 4), ('sep_conv_5x5', 0)], normal_concat=range(2, 6), reduce=[('max_pool_3x3', 0), ('max_pool_5x5', 1), ('skip_connect', 2), ('max_pool_3x3', 0), ('skip_connect', 2), ('max_pool_3x3', 0), ('max_pool_3x3', 0), ('skip_connect', 2)], reduce_concat=range(2, 6))
