2020-04-22 09:14:10,358 gpu device = 3
2020-04-22 09:14:10,358 args = Namespace(arch_learning_rate=0.0003, arch_weight_decay=0.001, batch_size=64, cutout=False, cutout_length=16, data='./data', drop_path_prob=0.3, epochs=50, gpu=3, grad_clip=5, init_channels=16, layers=8, learning_rate=0.025, learning_rate_min=0.001, model_path='saved_models', momentum=0.9, report_freq=50, save='n=1.5-search-EXP-20200422-091410', seed=2, train_portion=0.5, unrolled=False, weight_decay=0.0003)
2020-04-22 09:14:12,833 param size = 3.621370MB
2020-04-22 09:14:14,066 epoch 0 lr 2.500000e-02
2020-04-22 09:14:14,068 genotype = Genotype(normal=[('sep_conv_3x3', 1), ('dil_conv_5x5', 0), ('sep_conv_3x3', 0), ('conv_3x1_1x3', 2), ('dil_conv_3x3', 1), ('sep_conv_3x3', 2), ('conv_3x1_1x3', 3), ('sep_conv_5x5', 2)], normal_concat=range(2, 6), reduce=[('max_pool_5x5', 0), ('avg_pool_3x3', 1), ('skip_connect', 1), ('max_pool_5x5', 0), ('max_pool_3x3', 0), ('avg_pool_3x3', 1), ('max_pool_3x3', 0), ('avg_pool_5x5', 4)], reduce_concat=range(2, 6))
2020-04-22 09:14:14,069 genotype_all = Genotype(normal=[('dil_conv_5x5', 0), ('sep_conv_3x3', 1), ('sep_conv_3x3', 0), ('conv_3x3', 1), ('conv_3x1_1x3', 2), ('sep_conv_5x5', 0), ('dil_conv_3x3', 1), ('sep_conv_3x3', 2), ('dil_conv_3x3', 3), ('dil_conv_3x3', 0), ('sep_conv_3x3', 1), ('sep_conv_5x5', 2), ('conv_3x1_1x3', 3), ('dil_conv_5x5', 4)], normal_concat=range(2, 6), reduce=[('max_pool_5x5', 0), ('avg_pool_3x3', 1), ('max_pool_5x5', 0), ('skip_connect', 1), ('none', 2), ('max_pool_3x3', 0), ('avg_pool_3x3', 1), ('avg_pool_3x3', 2), ('max_pool_5x5', 3), ('max_pool_3x3', 0), ('avg_pool_3x3', 1), ('skip_connect', 2), ('avg_pool_3x3', 3), ('avg_pool_5x5', 4)], reduce_concat=range(2, 6))
2020-04-22 09:14:14,069 Variable containing:
 0.1667  0.1664  0.1668  0.1666  0.1666  0.1668
 0.1666  0.1665  0.1669  0.1666  0.1667  0.1667
 0.1668  0.1666  0.1670  0.1666  0.1666  0.1664
 0.1669  0.1668  0.1663  0.1668  0.1666  0.1666
 0.1666  0.1669  0.1667  0.1664  0.1667  0.1666
 0.1666  0.1666  0.1667  0.1668  0.1667  0.1666
 0.1664  0.1666  0.1666  0.1667  0.1670  0.1668
 0.1664  0.1668  0.1669  0.1668  0.1664  0.1665
 0.1666  0.1667  0.1666  0.1667  0.1668  0.1666
 0.1668  0.1665  0.1665  0.1667  0.1668  0.1666
 0.1666  0.1667  0.1669  0.1668  0.1664  0.1668
 0.1664  0.1668  0.1665  0.1670  0.1666  0.1667
 0.1667  0.1670  0.1665  0.1667  0.1666  0.1664
 0.1665  0.1665  0.1667  0.1667  0.1666  0.1669
[torch.cuda.FloatTensor of size 14x6 (GPU 3)]

2020-04-22 09:14:14,073 Variable containing:
 0.1668  0.1667  0.1663  0.1665  0.1669  0.1669
 0.1665  0.1666  0.1669  0.1666  0.1668  0.1665
 0.1669  0.1665  0.1664  0.1666  0.1667  0.1669
 0.1669  0.1670  0.1664  0.1665  0.1665  0.1666
 0.1669  0.1666  0.1665  0.1666  0.1667  0.1666
 0.1667  0.1667  0.1666  0.1669  0.1665  0.1665
 0.1664  0.1668  0.1668  0.1667  0.1665  0.1667
 0.1665  0.1667  0.1668  0.1666  0.1667  0.1666
 0.1667  0.1666  0.1668  0.1665  0.1666  0.1668
 0.1666  0.1666  0.1664  0.1669  0.1667  0.1668
 0.1666  0.1666  0.1668  0.1666  0.1666  0.1667
 0.1668  0.1668  0.1665  0.1667  0.1666  0.1667
 0.1666  0.1667  0.1668  0.1664  0.1667  0.1667
 0.1666  0.1666  0.1666  0.1668  0.1669  0.1667
[torch.cuda.FloatTensor of size 14x6 (GPU 3)]

2020-04-22 09:14:21,356 train 000 2.324061e+00 7.812500 39.062500
2020-04-22 09:15:37,035 train 050 2.016189e+00 24.938725 77.297794
2020-04-22 09:16:54,884 train 100 1.923002e+00 27.954827 81.373762
2020-04-22 09:18:13,061 train 150 1.848949e+00 30.918874 83.764487
2020-04-22 09:19:32,029 train 200 1.788949e+00 33.325560 85.447761
2020-04-22 09:20:47,776 train 250 1.737380e+00 35.178038 86.740538
2020-04-22 09:22:01,522 train 300 1.693385e+00 37.115864 87.634967
2020-04-22 09:23:15,526 train 350 1.648555e+00 38.862179 88.327991
2020-04-22 09:24:18,120 train_acc 40.056000
2020-04-22 09:24:18,523 valid 000 1.325734e+00 56.250000 95.312500
2020-04-22 09:24:27,317 valid 050 1.282735e+00 53.829657 93.596814
2020-04-22 09:24:36,064 valid 100 1.295185e+00 53.774752 93.440594
2020-04-22 09:24:44,987 valid 150 1.282788e+00 53.932119 93.894868
2020-04-22 09:24:53,869 valid 200 1.278676e+00 53.840174 93.889925
2020-04-22 09:25:02,790 valid 250 1.274175e+00 54.096116 93.999004
2020-04-22 09:25:12,193 valid 300 1.277311e+00 53.934801 94.019934
2020-04-22 09:25:22,201 valid 350 1.277085e+00 53.899573 94.083868
2020-04-22 09:25:29,458 valid_acc 53.884000
2020-04-22 09:25:29,601 epoch 1 lr 2.497632e-02
2020-04-22 09:25:29,602 genotype = Genotype(normal=[('conv_3x3', 1), ('conv_3x1_1x3', 0), ('dil_conv_5x5', 2), ('sep_conv_3x3', 1), ('dil_conv_3x3', 3), ('dil_conv_5x5', 0), ('dil_conv_3x3', 2), ('dil_conv_3x3', 4)], normal_concat=range(2, 6), reduce=[('max_pool_5x5', 0), ('none', 1), ('max_pool_5x5', 0), ('max_pool_3x3', 2), ('max_pool_3x3', 0), ('max_pool_3x3', 2), ('max_pool_5x5', 0), ('max_pool_3x3', 2)], reduce_concat=range(2, 6))
2020-04-22 09:25:29,602 genotype_all = Genotype(normal=[('conv_3x1_1x3', 0), ('conv_3x3', 1), ('dil_conv_3x3', 0), ('sep_conv_3x3', 1), ('dil_conv_5x5', 2), ('dil_conv_5x5', 0), ('dil_conv_5x5', 1), ('dil_conv_5x5', 2), ('dil_conv_3x3', 3), ('conv_3x3', 0), ('dil_conv_5x5', 1), ('dil_conv_3x3', 2), ('dil_conv_3x3', 3), ('dil_conv_3x3', 4)], normal_concat=range(2, 6), reduce=[('max_pool_5x5', 0), ('none', 1), ('max_pool_5x5', 0), ('max_pool_3x3', 1), ('max_pool_3x3', 2), ('max_pool_3x3', 0), ('max_pool_3x3', 1), ('max_pool_3x3', 2), ('skip_connect', 3), ('max_pool_5x5', 0), ('max_pool_3x3', 1), ('max_pool_3x3', 2), ('max_pool_3x3', 3), ('max_pool_3x3', 4)], reduce_concat=range(2, 6))
2020-04-22 09:25:29,602 Variable containing:
 0.1666  0.1670  0.1665  0.1666  0.1664  0.1669
 0.1672  0.1668  0.1669  0.1657  0.1672  0.1663
 0.1663  0.1667  0.1667  0.1666  0.1670  0.1666
 0.1667  0.1663  0.1673  0.1666  0.1660  0.1671
 0.1665  0.1664  0.1664  0.1666  0.1661  0.1679
 0.1664  0.1668  0.1664  0.1665  0.1667  0.1672
 0.1665  0.1667  0.1665  0.1662  0.1670  0.1672
 0.1666  0.1668  0.1663  0.1669  0.1664  0.1670
 0.1666  0.1667  0.1667  0.1656  0.1672  0.1671
 0.1669  0.1669  0.1664  0.1666  0.1665  0.1667
 0.1670  0.1669  0.1664  0.1664  0.1663  0.1670
 0.1665  0.1664  0.1667  0.1665  0.1675  0.1664
 0.1665  0.1669  0.1667  0.1662  0.1669  0.1668
 0.1664  0.1663  0.1667  0.1664  0.1672  0.1670
[torch.cuda.FloatTensor of size 14x6 (GPU 3)]

2020-04-22 09:25:29,606 Variable containing:
 0.1612  0.1632  0.1604  0.1780  0.1592  0.1780
 0.1713  0.1680  0.1611  0.1707  0.1591  0.1698
 0.1600  0.1631  0.1610  0.1781  0.1597  0.1782
 0.1695  0.1677  0.1621  0.1711  0.1598  0.1699
 0.1676  0.1734  0.1641  0.1741  0.1548  0.1659
 0.1616  0.1632  0.1619  0.1767  0.1600  0.1766
 0.1680  0.1656  0.1626  0.1729  0.1596  0.1712
 0.1676  0.1735  0.1651  0.1740  0.1544  0.1655
 0.1696  0.1729  0.1654  0.1725  0.1548  0.1647
 0.1605  0.1629  0.1616  0.1769  0.1603  0.1777
 0.1693  0.1665  0.1623  0.1712  0.1594  0.1712
 0.1677  0.1725  0.1639  0.1759  0.1539  0.1661
 0.1697  0.1719  0.1650  0.1735  0.1547  0.1652
 0.1711  0.1693  0.1664  0.1728  0.1555  0.1649
[torch.cuda.FloatTensor of size 14x6 (GPU 3)]

2020-04-22 09:25:32,562 train 000 1.164829e+00 56.250000 98.437500
2020-04-22 09:26:47,657 train 050 1.268397e+00 53.645833 94.148284
2020-04-22 09:28:03,531 train 100 1.263977e+00 53.248762 94.600866
2020-04-22 09:29:18,108 train 150 1.239172e+00 54.408113 94.826159
2020-04-22 09:30:32,263 train 200 1.228303e+00 54.874067 94.954913
2020-04-22 09:31:46,882 train 250 1.203523e+00 56.212649 95.125747
2020-04-22 09:33:02,016 train 300 1.189953e+00 56.950789 95.136005
2020-04-22 09:34:17,823 train 350 1.168029e+00 57.812500 95.312500
2020-04-22 09:35:16,899 train_acc 58.252000
2020-04-22 09:35:17,264 valid 000 1.041773e+00 56.250000 98.437500
2020-04-22 09:35:26,011 valid 050 1.135681e+00 60.018382 95.833333
2020-04-22 09:35:35,299 valid 100 1.159688e+00 59.142946 95.467203
2020-04-22 09:35:45,801 valid 150 1.137323e+00 59.592301 95.674669
2020-04-22 09:35:54,965 valid 200 1.140240e+00 59.491604 95.732276
2020-04-22 09:36:03,704 valid 250 1.137498e+00 59.480827 95.704681
2020-04-22 09:36:12,624 valid 300 1.138177e+00 59.484012 95.665490
2020-04-22 09:36:21,687 valid 350 1.140354e+00 59.308226 95.677528
2020-04-22 09:36:28,924 valid_acc 59.432000
2020-04-22 09:36:29,070 epoch 2 lr 2.490538e-02
2020-04-22 09:36:29,071 genotype = Genotype(normal=[('dil_conv_5x5', 0), ('dil_conv_5x5', 1), ('dil_conv_5x5', 1), ('dil_conv_3x3', 0), ('conv_3x1_1x3', 0), ('sep_conv_3x3', 3), ('dil_conv_3x3', 2), ('dil_conv_3x3', 0)], normal_concat=range(2, 6), reduce=[('max_pool_3x3', 0), ('none', 1), ('max_pool_5x5', 0), ('skip_connect', 2), ('max_pool_5x5', 0), ('max_pool_3x3', 2), ('max_pool_5x5', 0), ('max_pool_3x3', 2)], reduce_concat=range(2, 6))
2020-04-22 09:36:29,072 genotype_all = Genotype(normal=[('dil_conv_5x5', 0), ('dil_conv_5x5', 1), ('dil_conv_3x3', 0), ('dil_conv_5x5', 1), ('dil_conv_5x5', 2), ('conv_3x1_1x3', 0), ('conv_3x1_1x3', 1), ('dil_conv_3x3', 2), ('sep_conv_3x3', 3), ('dil_conv_3x3', 0), ('sep_conv_3x3', 1), ('dil_conv_3x3', 2), ('dil_conv_5x5', 3), ('dil_conv_3x3', 4)], normal_concat=range(2, 6), reduce=[('max_pool_3x3', 0), ('none', 1), ('max_pool_5x5', 0), ('max_pool_3x3', 1), ('skip_connect', 2), ('max_pool_5x5', 0), ('max_pool_3x3', 1), ('max_pool_3x3', 2), ('skip_connect', 3), ('max_pool_5x5', 0), ('max_pool_3x3', 1), ('max_pool_3x3', 2), ('max_pool_3x3', 3), ('max_pool_3x3', 4)], reduce_concat=range(2, 6))
2020-04-22 09:36:29,072 Variable containing:
 0.1671  0.1670  0.1667  0.1667  0.1645  0.1680
 0.1664  0.1670  0.1672  0.1658  0.1663  0.1673
 0.1662  0.1666  0.1671  0.1664  0.1676  0.1661
 0.1667  0.1668  0.1665  0.1665  0.1658  0.1676
 0.1668  0.1665  0.1666  0.1663  0.1668  0.1670
 0.1667  0.1676  0.1666  0.1666  0.1658  0.1667
 0.1664  0.1669  0.1668  0.1666  0.1668  0.1666
 0.1663  0.1662  0.1670  0.1664  0.1671  0.1670
 0.1662  0.1667  0.1673  0.1660  0.1672  0.1666
 0.1668  0.1668  0.1663  0.1665  0.1672  0.1664
 0.1666  0.1664  0.1671  0.1664  0.1666  0.1669
 0.1666  0.1666  0.1666  0.1663  0.1676  0.1663
 0.1667  0.1670  0.1669  0.1663  0.1660  0.1670
 0.1667  0.1666  0.1666  0.1663  0.1671  0.1668
[torch.cuda.FloatTensor of size 14x6 (GPU 3)]

2020-04-22 09:36:29,075 Variable containing:
 0.1564  0.1577  0.1540  0.1908  0.1504  0.1907
 0.1757  0.1702  0.1564  0.1733  0.1527  0.1716
 0.1544  0.1600  0.1540  0.1902  0.1507  0.1906
 0.1719  0.1688  0.1585  0.1749  0.1540  0.1718
 0.1693  0.1800  0.1615  0.1788  0.1455  0.1648
 0.1566  0.1581  0.1557  0.1887  0.1521  0.1889
 0.1695  0.1653  0.1591  0.1780  0.1535  0.1747
 0.1686  0.1793  0.1626  0.1796  0.1454  0.1645
 0.1719  0.1794  0.1630  0.1768  0.1460  0.1629
 0.1568  0.1589  0.1540  0.1883  0.1511  0.1908
 0.1701  0.1676  0.1587  0.1754  0.1535  0.1747
 0.1697  0.1768  0.1605  0.1823  0.1446  0.1660
 0.1728  0.1764  0.1618  0.1790  0.1456  0.1644
 0.1758  0.1713  0.1638  0.1782  0.1468  0.1641
[torch.cuda.FloatTensor of size 14x6 (GPU 3)]

2020-04-22 09:36:30,784 train 000 1.110881e+00 54.687500 98.437500
2020-04-22 09:37:44,921 train 050 1.020462e+00 63.909314 96.660539
2020-04-22 09:38:59,230 train 100 1.000473e+00 64.696782 96.828589
2020-04-22 09:40:13,307 train 150 9.800268e-01 65.480132 96.843957
2020-04-22 09:41:27,416 train 200 9.724271e-01 65.516169 97.007152
2020-04-22 09:42:42,232 train 250 9.621522e-01 65.755727 97.005727
2020-04-22 09:43:56,164 train 300 9.531687e-01 66.164867 97.067068
2020-04-22 09:45:10,832 train 350 9.458607e-01 66.528668 97.155449
2020-04-22 09:46:10,326 train_acc 66.968000
2020-04-22 09:46:10,689 valid 000 1.001286e+00 64.062500 96.875000
2020-04-22 09:46:19,879 valid 050 8.935217e-01 68.321078 97.365196
2020-04-22 09:46:28,732 valid 100 8.947465e-01 68.471535 97.431931
2020-04-22 09:46:37,936 valid 150 8.949058e-01 67.880795 97.702815
2020-04-22 09:46:46,995 valid 200 9.076632e-01 67.451803 97.636816
2020-04-22 09:46:56,151 valid 250 9.087097e-01 67.498755 97.659363
2020-04-22 09:47:05,189 valid 300 9.051752e-01 67.374377 97.700374
2020-04-22 09:47:14,404 valid 350 9.069753e-01 67.454594 97.720798
2020-04-22 09:47:22,616 valid_acc 67.636000
2020-04-22 09:47:22,778 epoch 3 lr 2.478745e-02
2020-04-22 09:47:22,780 genotype = Genotype(normal=[('dil_conv_5x5', 0), ('conv_3x3', 1), ('dil_conv_5x5', 2), ('dil_conv_5x5', 0), ('dil_conv_5x5', 2), ('sep_conv_5x5', 0), ('dil_conv_3x3', 0), ('sep_conv_3x3', 2)], normal_concat=range(2, 6), reduce=[('max_pool_3x3', 0), ('none', 1), ('max_pool_3x3', 0), ('skip_connect', 2), ('max_pool_3x3', 0), ('skip_connect', 2), ('max_pool_5x5', 0), ('max_pool_3x3', 2)], reduce_concat=range(2, 6))
2020-04-22 09:47:22,780 genotype_all = Genotype(normal=[('dil_conv_5x5', 0), ('conv_3x3', 1), ('dil_conv_5x5', 0), ('sep_conv_5x5', 1), ('dil_conv_5x5', 2), ('sep_conv_5x5', 0), ('sep_conv_3x3', 1), ('dil_conv_5x5', 2), ('dil_conv_5x5', 3), ('dil_conv_3x3', 0), ('dil_conv_5x5', 1), ('sep_conv_3x3', 2), ('sep_conv_3x3', 3), ('dil_conv_5x5', 4)], normal_concat=range(2, 6), reduce=[('max_pool_3x3', 0), ('none', 1), ('max_pool_3x3', 0), ('max_pool_3x3', 1), ('skip_connect', 2), ('max_pool_3x3', 0), ('max_pool_3x3', 1), ('skip_connect', 2), ('skip_connect', 3), ('max_pool_5x5', 0), ('max_pool_3x3', 1), ('max_pool_3x3', 2), ('max_pool_3x3', 3), ('max_pool_3x3', 4)], reduce_concat=range(2, 6))
2020-04-22 09:47:22,780 Variable containing:
 0.1670  0.1670  0.1669  0.1665  0.1653  0.1673
 0.1670  0.1666  0.1669  0.1659  0.1667  0.1669
 0.1668  0.1668  0.1662  0.1668  0.1662  0.1672
 0.1663  0.1665  0.1667  0.1670  0.1665  0.1669
 0.1663  0.1661  0.1662  0.1666  0.1670  0.1677
 0.1666  0.1671  0.1662  0.1673  0.1661  0.1668
 0.1665  0.1669  0.1670  0.1667  0.1660  0.1669
 0.1665  0.1662  0.1672  0.1663  0.1660  0.1678
 0.1666  0.1668  0.1665  0.1665  0.1666  0.1671
 0.1667  0.1667  0.1663  0.1658  0.1677  0.1668
 0.1667  0.1665  0.1668  0.1663  0.1667  0.1670
 0.1668  0.1670  0.1671  0.1659  0.1669  0.1663
 0.1668  0.1669  0.1671  0.1666  0.1660  0.1667
 0.1666  0.1666  0.1668  0.1664  0.1667  0.1669
[torch.cuda.FloatTensor of size 14x6 (GPU 3)]

2020-04-22 09:47:22,783 Variable containing:
 0.1527  0.1529  0.1508  0.1998  0.1457  0.1981
 0.1790  0.1694  0.1525  0.1773  0.1471  0.1747
 0.1504  0.1571  0.1506  0.1983  0.1463  0.1973
 0.1729  0.1726  0.1546  0.1779  0.1481  0.1738
 0.1727  0.1852  0.1596  0.1808  0.1387  0.1629
 0.1531  0.1551  0.1520  0.1965  0.1476  0.1957
 0.1704  0.1670  0.1549  0.1817  0.1479  0.1780
 0.1716  0.1840  0.1613  0.1817  0.1391  0.1624
 0.1751  0.1835  0.1615  0.1788  0.1399  0.1612
 0.1525  0.1574  0.1502  0.1952  0.1468  0.1980
 0.1699  0.1675  0.1554  0.1798  0.1484  0.1790
 0.1699  0.1811  0.1596  0.1859  0.1387  0.1649
 0.1731  0.1818  0.1604  0.1818  0.1398  0.1632
 0.1772  0.1758  0.1622  0.1806  0.1412  0.1631
[torch.cuda.FloatTensor of size 14x6 (GPU 3)]

2020-04-22 09:47:24,406 train 000 1.099936e+00 59.375000 95.312500
2020-04-22 09:48:38,504 train 050 7.956249e-01 70.894608 98.131127
2020-04-22 09:49:53,308 train 100 8.190604e-01 70.219678 98.019802
2020-04-22 09:51:07,574 train 150 8.143832e-01 70.602235 98.033940
2020-04-22 09:52:21,437 train 200 8.193034e-01 70.654540 98.025498
2020-04-22 09:53:35,209 train 250 8.143118e-01 70.910110 98.007968
2020-04-22 09:54:49,413 train 300 8.122651e-01 71.163829 98.027409
2020-04-22 09:56:03,903 train 350 8.010976e-01 71.674679 98.041311
2020-04-22 09:57:02,564 train_acc 71.776000
2020-04-22 09:57:02,978 valid 000 7.315336e-01 79.687500 96.875000
2020-04-22 09:57:11,826 valid 050 7.919720e-01 72.273284 97.886029
2020-04-22 09:57:21,499 valid 100 7.827087e-01 72.694926 97.865099
2020-04-22 09:57:30,401 valid 150 7.839896e-01 72.692467 97.816639
2020-04-22 09:57:39,243 valid 200 7.851343e-01 72.636816 97.753420
2020-04-22 09:57:48,118 valid 250 7.818512e-01 72.678038 97.765189
2020-04-22 09:57:57,048 valid 300 7.754318e-01 72.866487 97.773048
2020-04-22 09:58:05,911 valid 350 7.779556e-01 72.783120 97.774217
2020-04-22 09:58:12,923 valid_acc 72.740000
2020-04-22 09:58:13,074 epoch 4 lr 2.462300e-02
2020-04-22 09:58:13,075 genotype = Genotype(normal=[('sep_conv_3x3', 1), ('dil_conv_5x5', 0), ('conv_3x3', 1), ('conv_3x1_1x3', 0), ('sep_conv_3x3', 3), ('conv_3x3', 2), ('dil_conv_3x3', 0), ('conv_3x3', 1)], normal_concat=range(2, 6), reduce=[('max_pool_3x3', 0), ('none', 1), ('max_pool_3x3', 0), ('skip_connect', 2), ('max_pool_3x3', 0), ('skip_connect', 2), ('max_pool_5x5', 0), ('max_pool_3x3', 2)], reduce_concat=range(2, 6))
2020-04-22 09:58:13,075 genotype_all = Genotype(normal=[('dil_conv_5x5', 0), ('sep_conv_3x3', 1), ('conv_3x1_1x3', 0), ('conv_3x3', 1), ('conv_3x1_1x3', 2), ('sep_conv_5x5', 0), ('sep_conv_5x5', 1), ('conv_3x3', 2), ('sep_conv_3x3', 3), ('dil_conv_3x3', 0), ('conv_3x3', 1), ('dil_conv_5x5', 2), ('dil_conv_3x3', 3), ('conv_3x1_1x3', 4)], normal_concat=range(2, 6), reduce=[('max_pool_3x3', 0), ('none', 1), ('max_pool_3x3', 0), ('max_pool_3x3', 1), ('skip_connect', 2), ('max_pool_3x3', 0), ('max_pool_3x3', 1), ('skip_connect', 2), ('skip_connect', 3), ('max_pool_5x5', 0), ('max_pool_3x3', 1), ('max_pool_3x3', 2), ('skip_connect', 3), ('max_pool_3x3', 4)], reduce_concat=range(2, 6))
2020-04-22 09:58:13,076 Variable containing:
 0.1670  0.1665  0.1662  0.1662  0.1664  0.1676
 0.1666  0.1669  0.1677  0.1661  0.1668  0.1659
 0.1670  0.1674  0.1666  0.1663  0.1662  0.1664
 0.1674  0.1671  0.1662  0.1668  0.1656  0.1669
 0.1668  0.1671  0.1665  0.1663  0.1667  0.1666
 0.1668  0.1662  0.1669  0.1669  0.1665  0.1666
 0.1669  0.1665  0.1666  0.1669  0.1662  0.1668
 0.1671  0.1670  0.1669  0.1668  0.1660  0.1662
 0.1666  0.1668  0.1674  0.1664  0.1669  0.1660
 0.1669  0.1669  0.1662  0.1660  0.1680  0.1660
 0.1671  0.1667  0.1666  0.1661  0.1671  0.1663
 0.1665  0.1668  0.1667  0.1666  0.1664  0.1670
 0.1666  0.1667  0.1664  0.1667  0.1670  0.1665
 0.1669  0.1671  0.1663  0.1669  0.1670  0.1658
[torch.cuda.FloatTensor of size 14x6 (GPU 3)]

2020-04-22 09:58:13,079 Variable containing:
 0.1510  0.1511  0.1486  0.2040  0.1423  0.2031
 0.1801  0.1684  0.1508  0.1790  0.1442  0.1774
 0.1483  0.1536  0.1486  0.2031  0.1434  0.2029
 0.1723  0.1734  0.1531  0.1798  0.1452  0.1763
 0.1750  0.1904  0.1584  0.1827  0.1329  0.1606
 0.1505  0.1545  0.1490  0.2011  0.1442  0.2008
 0.1693  0.1670  0.1536  0.1837  0.1453  0.1811
 0.1729  0.1890  0.1603  0.1838  0.1335  0.1604
 0.1779  0.1883  0.1601  0.1804  0.1344  0.1590
 0.1500  0.1554  0.1478  0.1998  0.1438  0.2033
 0.1686  0.1668  0.1544  0.1821  0.1461  0.1821
 0.1704  0.1856  0.1585  0.1888  0.1331  0.1636
 0.1749  0.1866  0.1590  0.1839  0.1343  0.1614
 0.1794  0.1797  0.1604  0.1829  0.1357  0.1618
[torch.cuda.FloatTensor of size 14x6 (GPU 3)]

2020-04-22 09:58:14,680 train 000 6.626174e-01 78.125000 98.437500
2020-04-22 09:59:28,510 train 050 7.074659e-01 74.969363 98.498775
2020-04-22 10:00:41,955 train 100 7.118832e-01 74.938119 98.561262
2020-04-22 10:01:55,929 train 150 6.982139e-01 75.548427 98.530629
2020-04-22 10:03:09,409 train 200 7.076641e-01 75.217662 98.592973
2020-04-22 10:04:24,132 train 250 7.061525e-01 75.354831 98.599353
2020-04-22 10:05:37,971 train 300 7.006863e-01 75.503530 98.556894
2020-04-22 10:06:51,950 train 350 7.011486e-01 75.551994 98.495370
2020-04-22 10:07:52,965 train_acc 75.728000
2020-04-22 10:07:53,333 valid 000 5.136058e-01 84.375000 100.000000
2020-04-22 10:08:02,280 valid 050 7.402213e-01 74.754902 97.824755
2020-04-22 10:08:10,815 valid 100 7.480782e-01 74.427599 98.004332
2020-04-22 10:08:19,969 valid 150 7.525679e-01 74.265315 98.023593
2020-04-22 10:08:29,263 valid 200 7.443063e-01 74.471393 98.111007
2020-04-22 10:08:38,477 valid 250 7.519439e-01 74.296564 98.120020
2020-04-22 10:08:47,358 valid 300 7.510370e-01 74.330357 98.157184
2020-04-22 10:08:56,522 valid 350 7.540311e-01 74.154202 98.134793
2020-04-22 10:09:03,969 valid_acc 74.080000
2020-04-22 10:09:04,121 epoch 5 lr 2.441268e-02
2020-04-22 10:09:04,122 genotype = Genotype(normal=[('conv_3x1_1x3', 0), ('dil_conv_3x3', 1), ('dil_conv_3x3', 2), ('conv_3x3', 0), ('dil_conv_5x5', 2), ('conv_3x1_1x3', 3), ('sep_conv_3x3', 1), ('dil_conv_5x5', 3)], normal_concat=range(2, 6), reduce=[('max_pool_3x3', 0), ('max_pool_3x3', 1), ('max_pool_3x3', 0), ('skip_connect', 2), ('max_pool_3x3', 0), ('skip_connect', 2), ('max_pool_5x5', 0), ('skip_connect', 2)], reduce_concat=range(2, 6))
2020-04-22 10:09:04,122 genotype_all = Genotype(normal=[('conv_3x1_1x3', 0), ('dil_conv_3x3', 1), ('conv_3x3', 0), ('sep_conv_5x5', 1), ('dil_conv_3x3', 2), ('dil_conv_3x3', 0), ('sep_conv_3x3', 1), ('dil_conv_5x5', 2), ('conv_3x1_1x3', 3), ('dil_conv_3x3', 0), ('sep_conv_3x3', 1), ('dil_conv_5x5', 2), ('dil_conv_5x5', 3), ('conv_3x1_1x3', 4)], normal_concat=range(2, 6), reduce=[('max_pool_3x3', 0), ('max_pool_3x3', 1), ('max_pool_3x3', 0), ('max_pool_3x3', 1), ('skip_connect', 2), ('max_pool_3x3', 0), ('max_pool_3x3', 1), ('skip_connect', 2), ('skip_connect', 3), ('max_pool_5x5', 0), ('max_pool_3x3', 1), ('skip_connect', 2), ('skip_connect', 3), ('none', 4)], reduce_concat=range(2, 6))
2020-04-22 10:09:04,123 Variable containing:
 0.1671  0.1674  0.1674  0.1668  0.1649  0.1663
 0.1668  0.1667  0.1669  0.1664  0.1671  0.1660
 0.1673  0.1669  0.1665  0.1663  0.1662  0.1667
 0.1664  0.1665  0.1665  0.1672  0.1669  0.1665
 0.1665  0.1666  0.1666  0.1651  0.1677  0.1674
 0.1667  0.1666  0.1663  0.1667  0.1671  0.1666
 0.1669  0.1668  0.1670  0.1665  0.1667  0.1661
 0.1664  0.1665  0.1668  0.1666  0.1664  0.1673
 0.1669  0.1672  0.1672  0.1663  0.1664  0.1661
 0.1666  0.1663  0.1669  0.1666  0.1672  0.1662
 0.1665  0.1660  0.1675  0.1668  0.1659  0.1673
 0.1665  0.1669  0.1665  0.1663  0.1668  0.1670
 0.1667  0.1664  0.1661  0.1668  0.1665  0.1675
 0.1667  0.1672  0.1664  0.1670  0.1658  0.1669
[torch.cuda.FloatTensor of size 14x6 (GPU 3)]

2020-04-22 10:09:04,125 Variable containing:
 0.1477  0.1474  0.1464  0.2118  0.1377  0.2090
 0.1816  0.1682  0.1492  0.1819  0.1408  0.1784
 0.1439  0.1502  0.1467  0.2111  0.1393  0.2087
 0.1717  0.1731  0.1527  0.1834  0.1423  0.1768
 0.1769  0.2005  0.1584  0.1815  0.1272  0.1554
 0.1456  0.1533  0.1464  0.2085  0.1394  0.2067
 0.1685  0.1663  0.1534  0.1875  0.1425  0.1818
 0.1753  0.1982  0.1601  0.1829  0.1279  0.1556
 0.1821  0.1961  0.1592  0.1789  0.1291  0.1546
 0.1457  0.1510  0.1460  0.2079  0.1398  0.2096
 0.1683  0.1646  0.1542  0.1863  0.1431  0.1834
 0.1738  0.1937  0.1579  0.1883  0.1272  0.1590
 0.1799  0.1937  0.1579  0.1827  0.1287  0.1571
 0.1856  0.1842  0.1597  0.1820  0.1306  0.1578
[torch.cuda.FloatTensor of size 14x6 (GPU 3)]

2020-04-22 10:09:05,697 train 000 5.975072e-01 81.250000 96.875000
2020-04-22 10:10:19,156 train 050 6.391780e-01 77.542892 98.560049
2020-04-22 10:11:33,494 train 100 6.293312e-01 77.985767 98.654084
2020-04-22 10:12:47,339 train 150 6.191986e-01 78.621689 98.737583
2020-04-22 10:14:00,450 train 200 6.213268e-01 78.451493 98.748445
2020-04-22 10:15:14,407 train 250 6.277603e-01 78.330428 98.661604
2020-04-22 10:16:29,223 train 300 6.276836e-01 78.145764 98.702243
2020-04-22 10:17:44,523 train 350 6.282553e-01 78.289708 98.700142
2020-04-22 10:18:43,329 train_acc 78.248000
2020-04-22 10:18:43,692 valid 000 7.283047e-01 70.312500 100.000000
2020-04-22 10:18:52,486 valid 050 6.971323e-01 76.317402 98.468137
2020-04-22 10:19:01,864 valid 100 6.735750e-01 76.701733 98.715965
2020-04-22 10:19:12,657 valid 150 6.739064e-01 76.427980 98.654801
2020-04-22 10:19:21,827 valid 200 6.795551e-01 76.072761 98.624067
2020-04-22 10:19:30,813 valid 250 6.807826e-01 76.207669 98.630478
2020-04-22 10:19:39,699 valid 300 6.805088e-01 76.162791 98.562085
2020-04-22 10:19:48,351 valid 350 6.853964e-01 75.930377 98.562144
2020-04-22 10:19:55,655 valid_acc 75.888000
2020-04-22 10:19:55,810 epoch 6 lr 2.415732e-02
2020-04-22 10:19:55,811 genotype = Genotype(normal=[('dil_conv_3x3', 1), ('conv_3x1_1x3', 0), ('dil_conv_5x5', 0), ('sep_conv_5x5', 2), ('sep_conv_3x3', 3), ('dil_conv_5x5', 0), ('sep_conv_3x3', 3), ('sep_conv_3x3', 1)], normal_concat=range(2, 6), reduce=[('max_pool_3x3', 0), ('max_pool_3x3', 1), ('max_pool_3x3', 0), ('skip_connect', 2), ('max_pool_3x3', 0), ('skip_connect', 2), ('max_pool_3x3', 0), ('skip_connect', 2)], reduce_concat=range(2, 6))
2020-04-22 10:19:55,812 genotype_all = Genotype(normal=[('conv_3x1_1x3', 0), ('dil_conv_3x3', 1), ('dil_conv_5x5', 0), ('dil_conv_3x3', 1), ('sep_conv_5x5', 2), ('dil_conv_5x5', 0), ('sep_conv_3x3', 1), ('dil_conv_3x3', 2), ('sep_conv_3x3', 3), ('dil_conv_5x5', 0), ('sep_conv_3x3', 1), ('conv_3x1_1x3', 2), ('sep_conv_3x3', 3), ('dil_conv_5x5', 4)], normal_concat=range(2, 6), reduce=[('max_pool_3x3', 0), ('max_pool_3x3', 1), ('max_pool_3x3', 0), ('max_pool_3x3', 1), ('skip_connect', 2), ('max_pool_3x3', 0), ('max_pool_3x3', 1), ('skip_connect', 2), ('skip_connect', 3), ('max_pool_3x3', 0), ('max_pool_3x3', 1), ('skip_connect', 2), ('skip_connect', 3), ('none', 4)], reduce_concat=range(2, 6))
2020-04-22 10:19:55,812 Variable containing:
 0.1674  0.1674  0.1658  0.1669  0.1655  0.1670
 0.1670  0.1673  0.1661  0.1660  0.1677  0.1659
 0.1665  0.1670  0.1671  0.1659  0.1662  0.1673
 0.1671  0.1667  0.1666  0.1667  0.1671  0.1659
 0.1670  0.1667  0.1663  0.1671  0.1660  0.1669
 0.1663  0.1666  0.1665  0.1668  0.1666  0.1673
 0.1667  0.1668  0.1672  0.1667  0.1663  0.1662
 0.1668  0.1668  0.1661  0.1665  0.1671  0.1667
 0.1664  0.1665  0.1680  0.1661  0.1672  0.1658
 0.1664  0.1666  0.1664  0.1665  0.1671  0.1671
 0.1663  0.1664  0.1672  0.1663  0.1667  0.1671
 0.1662  0.1670  0.1668  0.1666  0.1668  0.1665
 0.1667  0.1669  0.1673  0.1673  0.1654  0.1664
 0.1664  0.1666  0.1665  0.1668  0.1665  0.1671
[torch.cuda.FloatTensor of size 14x6 (GPU 3)]

2020-04-22 10:19:55,815 Variable containing:
 0.1458  0.1442  0.1457  0.2165  0.1348  0.2130
 0.1805  0.1649  0.1505  0.1852  0.1397  0.1792
 0.1414  0.1465  0.1467  0.2165  0.1369  0.2121
 0.1691  0.1704  0.1552  0.1865  0.1418  0.1768
 0.1798  0.2102  0.1581  0.1803  0.1221  0.1497
 0.1426  0.1509  0.1462  0.2136  0.1371  0.2096
 0.1660  0.1647  0.1553  0.1902  0.1420  0.1817
 0.1785  0.2067  0.1596  0.1822  0.1229  0.1502
 0.1876  0.2038  0.1588  0.1767  0.1243  0.1488
 0.1426  0.1482  0.1460  0.2128  0.1378  0.2126
 0.1660  0.1617  0.1567  0.1889  0.1433  0.1834
 0.1770  0.2019  0.1578  0.1873  0.1224  0.1535
 0.1851  0.2013  0.1577  0.1803  0.1242  0.1515
 0.1919  0.1890  0.1598  0.1800  0.1265  0.1529
[torch.cuda.FloatTensor of size 14x6 (GPU 3)]

2020-04-22 10:19:57,467 train 000 6.441616e-01 71.875000 100.000000
2020-04-22 10:21:11,170 train 050 5.678228e-01 79.748775 99.172794
2020-04-22 10:22:25,521 train 100 5.710697e-01 79.764851 99.025371
2020-04-22 10:23:40,824 train 150 5.693324e-01 79.925497 99.079056
2020-04-22 10:24:54,436 train 200 5.643883e-01 80.449316 99.043843
2020-04-22 10:26:09,134 train 250 5.738180e-01 80.085906 99.028884
2020-04-22 10:27:25,127 train 300 5.698081e-01 80.274086 99.008513
2020-04-22 10:28:41,103 train 350 5.696358e-01 80.230591 99.020655
2020-04-22 10:29:41,317 train_acc 80.236000
2020-04-22 10:29:41,703 valid 000 7.146049e-01 76.562500 95.312500
2020-04-22 10:29:52,844 valid 050 7.162553e-01 75.520833 98.131127
2020-04-22 10:30:03,604 valid 100 7.023225e-01 75.990099 98.143564
2020-04-22 10:30:14,912 valid 150 6.884175e-01 76.790149 98.127070
2020-04-22 10:30:26,246 valid 200 6.839519e-01 77.028918 98.103234
2020-04-22 10:30:36,676 valid 250 6.914964e-01 76.662102 98.051544
2020-04-22 10:30:46,000 valid 300 6.946484e-01 76.655939 98.011836
2020-04-22 10:30:56,151 valid 350 6.948519e-01 76.664886 98.027956
2020-04-22 10:31:03,171 valid_acc 76.768000
2020-04-22 10:31:03,324 epoch 7 lr 2.385792e-02
2020-04-22 10:31:03,325 genotype = Genotype(normal=[('conv_3x3', 0), ('sep_conv_5x5', 1), ('dil_conv_5x5', 2), ('sep_conv_3x3', 0), ('sep_conv_3x3', 2), ('sep_conv_3x3', 1), ('dil_conv_5x5', 2), ('sep_conv_3x3', 1)], normal_concat=range(2, 6), reduce=[('max_pool_3x3', 0), ('max_pool_3x3', 1), ('max_pool_3x3', 0), ('skip_connect', 2), ('max_pool_3x3', 0), ('skip_connect', 2), ('max_pool_3x3', 0), ('skip_connect', 2)], reduce_concat=range(2, 6))
2020-04-22 10:31:03,325 genotype_all = Genotype(normal=[('conv_3x3', 0), ('sep_conv_5x5', 1), ('sep_conv_3x3', 0), ('conv_3x3', 1), ('dil_conv_5x5', 2), ('dil_conv_3x3', 0), ('sep_conv_3x3', 1), ('sep_conv_3x3', 2), ('sep_conv_3x3', 3), ('dil_conv_3x3', 0), ('sep_conv_3x3', 1), ('dil_conv_5x5', 2), ('conv_3x1_1x3', 3), ('conv_3x1_1x3', 4)], normal_concat=range(2, 6), reduce=[('max_pool_3x3', 0), ('max_pool_3x3', 1), ('max_pool_3x3', 0), ('max_pool_3x3', 1), ('skip_connect', 2), ('max_pool_3x3', 0), ('max_pool_3x3', 1), ('skip_connect', 2), ('skip_connect', 3), ('max_pool_3x3', 0), ('max_pool_3x3', 1), ('skip_connect', 2), ('skip_connect', 3), ('none', 4)], reduce_concat=range(2, 6))
2020-04-22 10:31:03,326 Variable containing:
 0.1673  0.1670  0.1665  0.1667  0.1654  0.1670
 0.1665  0.1667  0.1665  0.1670  0.1670  0.1663
 0.1667  0.1668  0.1672  0.1665  0.1657  0.1671
 0.1668  0.1664  0.1667  0.1666  0.1668  0.1666
 0.1667  0.1665  0.1660  0.1663  0.1671  0.1674
 0.1664  0.1665  0.1664  0.1665  0.1672  0.1670
 0.1667  0.1668  0.1675  0.1665  0.1662  0.1662
 0.1663  0.1667  0.1675  0.1665  0.1660  0.1670
 0.1669  0.1667  0.1672  0.1666  0.1664  0.1661
 0.1667  0.1663  0.1665  0.1667  0.1670  0.1669
 0.1669  0.1667  0.1673  0.1659  0.1671  0.1662
 0.1664  0.1665  0.1660  0.1667  0.1663  0.1681
 0.1666  0.1669  0.1665  0.1667  0.1665  0.1668
 0.1669  0.1670  0.1666  0.1665  0.1664  0.1666
[torch.cuda.FloatTensor of size 14x6 (GPU 3)]

2020-04-22 10:31:03,330 Variable containing:
 0.1436  0.1415  0.1459  0.2210  0.1340  0.2141
 0.1804  0.1629  0.1504  0.1887  0.1377  0.1799
 0.1383  0.1442  0.1480  0.2214  0.1363  0.2118
 0.1677  0.1710  0.1551  0.1894  0.1400  0.1768
 0.1829  0.2199  0.1591  0.1763  0.1184  0.1434
 0.1390  0.1478  0.1476  0.2195  0.1366  0.2094
 0.1646  0.1653  0.1549  0.1930  0.1404  0.1819
 0.1807  0.2161  0.1610  0.1785  0.1196  0.1441
 0.1912  0.2120  0.1596  0.1729  0.1211  0.1432
 0.1393  0.1459  0.1475  0.2180  0.1370  0.2123
 0.1651  0.1606  0.1567  0.1921  0.1418  0.1838
 0.1808  0.2106  0.1583  0.1836  0.1190  0.1478
 0.1902  0.2083  0.1578  0.1765  0.1210  0.1462
 0.1986  0.1937  0.1604  0.1761  0.1236  0.1475
[torch.cuda.FloatTensor of size 14x6 (GPU 3)]

2020-04-22 10:31:04,936 train 000 5.051938e-01 85.937500 98.437500
2020-04-22 10:32:20,627 train 050 5.220883e-01 82.352941 99.050245
2020-04-22 10:33:34,801 train 100 5.247120e-01 81.714109 99.149134
2020-04-22 10:34:49,305 train 150 5.298936e-01 81.591474 99.151490
2020-04-22 10:36:04,818 train 200 5.294471e-01 81.576493 99.160448
2020-04-22 10:37:21,123 train 250 5.308638e-01 81.530129 99.165837
2020-04-22 10:38:35,397 train 300 5.295363e-01 81.582226 99.127907
2020-04-22 10:39:49,788 train 350 5.305344e-01 81.623932 99.100783
2020-04-22 10:40:49,723 train_acc 81.568000
2020-04-22 10:40:50,112 valid 000 8.547032e-01 76.562500 96.875000
2020-04-22 10:40:59,314 valid 050 6.328887e-01 78.400735 98.835784
2020-04-22 10:41:08,465 valid 100 6.060889e-01 79.223391 98.855198
2020-04-22 10:41:17,548 valid 150 6.106947e-01 79.139073 98.944536
2020-04-22 10:41:26,630 valid 200 6.107693e-01 79.042289 98.919465
2020-04-22 10:41:35,547 valid 250 6.180396e-01 78.903137 98.910608
2020-04-22 10:41:44,644 valid 300 6.202145e-01 78.919228 98.894311
2020-04-22 10:41:53,553 valid 350 6.231785e-01 78.774929 98.855947
2020-04-22 10:42:00,633 valid_acc 78.816000
2020-04-22 10:42:00,787 epoch 8 lr 2.351568e-02
2020-04-22 10:42:00,789 genotype = Genotype(normal=[('dil_conv_3x3', 1), ('dil_conv_5x5', 0), ('sep_conv_3x3', 1), ('sep_conv_5x5', 0), ('sep_conv_3x3', 1), ('dil_conv_5x5', 0), ('dil_conv_5x5', 0), ('conv_3x3', 4)], normal_concat=range(2, 6), reduce=[('max_pool_3x3', 0), ('max_pool_3x3', 1), ('max_pool_3x3', 0), ('skip_connect', 2), ('max_pool_3x3', 0), ('skip_connect', 2), ('max_pool_3x3', 0), ('skip_connect', 2)], reduce_concat=range(2, 6))
2020-04-22 10:42:00,789 genotype_all = Genotype(normal=[('dil_conv_5x5', 0), ('dil_conv_3x3', 1), ('sep_conv_5x5', 0), ('sep_conv_3x3', 1), ('dil_conv_5x5', 2), ('dil_conv_5x5', 0), ('sep_conv_3x3', 1), ('sep_conv_3x3', 2), ('dil_conv_3x3', 3), ('dil_conv_5x5', 0), ('conv_3x1_1x3', 1), ('conv_3x1_1x3', 2), ('dil_conv_3x3', 3), ('conv_3x3', 4)], normal_concat=range(2, 6), reduce=[('max_pool_3x3', 0), ('max_pool_3x3', 1), ('max_pool_3x3', 0), ('max_pool_3x3', 1), ('skip_connect', 2), ('max_pool_3x3', 0), ('max_pool_3x3', 1), ('skip_connect', 2), ('skip_connect', 3), ('max_pool_3x3', 0), ('max_pool_3x3', 1), ('skip_connect', 2), ('skip_connect', 3), ('none', 4)], reduce_concat=range(2, 6))
2020-04-22 10:42:00,789 Variable containing:
 0.1665  0.1665  0.1660  0.1666  0.1666  0.1678
 0.1662  0.1667  0.1666  0.1662  0.1681  0.1662
 0.1664  0.1665  0.1668  0.1671  0.1664  0.1668
 0.1665  0.1664  0.1677  0.1662  0.1665  0.1668
 0.1670  0.1666  0.1665  0.1667  0.1662  0.1670
 0.1666  0.1671  0.1656  0.1666  0.1665  0.1676
 0.1663  0.1665  0.1677  0.1667  0.1663  0.1664
 0.1667  0.1671  0.1672  0.1664  0.1657  0.1669
 0.1666  0.1668  0.1666  0.1666  0.1668  0.1666
 0.1664  0.1667  0.1663  0.1670  0.1661  0.1675
 0.1663  0.1670  0.1667  0.1663  0.1669  0.1668
 0.1667  0.1670  0.1666  0.1668  0.1661  0.1668
 0.1667  0.1668  0.1664  0.1664  0.1668  0.1668
 0.1671  0.1668  0.1659  0.1665  0.1670  0.1667
[torch.cuda.FloatTensor of size 14x6 (GPU 3)]

2020-04-22 10:42:00,792 Variable containing:
 0.1412  0.1402  0.1443  0.2255  0.1313  0.2175
 0.1816  0.1625  0.1488  0.1912  0.1353  0.1806
 0.1362  0.1430  0.1468  0.2255  0.1341  0.2143
 0.1673  0.1723  0.1539  0.1910  0.1382  0.1773
 0.1828  0.2252  0.1593  0.1752  0.1167  0.1408
 0.1368  0.1469  0.1470  0.2231  0.1347  0.2116
 0.1645  0.1651  0.1542  0.1944  0.1390  0.1827
 0.1799  0.2214  0.1609  0.1778  0.1180  0.1421
 0.1913  0.2169  0.1586  0.1721  0.1195  0.1415
 0.1384  0.1440  0.1475  0.2210  0.1354  0.2137
 0.1663  0.1617  0.1555  0.1926  0.1399  0.1840
 0.1836  0.2144  0.1571  0.1819  0.1171  0.1459
 0.1941  0.2099  0.1562  0.1754  0.1193  0.1451
 0.2035  0.1928  0.1594  0.1753  0.1224  0.1465
[torch.cuda.FloatTensor of size 14x6 (GPU 3)]

2020-04-22 10:42:02,401 train 000 4.039178e-01 90.625000 100.000000
2020-04-22 10:43:17,368 train 050 4.781578e-01 82.996324 99.387255
2020-04-22 10:44:31,382 train 100 4.894553e-01 82.719678 99.427599
2020-04-22 10:45:46,791 train 150 4.999761e-01 82.460679 99.410182
2020-04-22 10:47:01,153 train 200 4.898198e-01 82.952425 99.370336
2020-04-22 10:48:15,728 train 250 4.907100e-01 82.750249 99.340139
2020-04-22 10:49:30,119 train 300 4.942730e-01 82.594477 99.330357
2020-04-22 10:50:44,722 train 350 4.917425e-01 82.745726 99.318910
2020-04-22 10:51:46,569 train_acc 82.852000
2020-04-22 10:51:46,936 valid 000 4.739358e-01 84.375000 100.000000
2020-04-22 10:51:56,265 valid 050 5.310267e-01 81.801471 99.111520
2020-04-22 10:52:05,507 valid 100 5.227423e-01 81.946163 99.118193
2020-04-22 10:52:14,326 valid 150 5.423922e-01 81.570778 99.006623
2020-04-22 10:52:23,466 valid 200 5.436647e-01 81.358831 99.051617
2020-04-22 10:52:32,543 valid 250 5.521639e-01 81.075697 99.053785
2020-04-22 10:52:41,556 valid 300 5.491577e-01 81.135797 99.096761
2020-04-22 10:52:51,488 valid 350 5.503295e-01 81.089744 99.069623
2020-04-22 10:53:00,075 valid_acc 81.072000
2020-04-22 10:53:00,228 epoch 9 lr 2.313194e-02
2020-04-22 10:53:00,229 genotype = Genotype(normal=[('dil_conv_3x3', 1), ('conv_3x1_1x3', 0), ('sep_conv_3x3', 1), ('sep_conv_5x5', 2), ('sep_conv_3x3', 1), ('sep_conv_5x5', 0), ('dil_conv_5x5', 2), ('dil_conv_3x3', 4)], normal_concat=range(2, 6), reduce=[('max_pool_3x3', 0), ('max_pool_3x3', 1), ('skip_connect', 2), ('max_pool_3x3', 0), ('max_pool_3x3', 0), ('skip_connect', 2), ('max_pool_3x3', 0), ('skip_connect', 2)], reduce_concat=range(2, 6))
2020-04-22 10:53:00,230 genotype_all = Genotype(normal=[('conv_3x1_1x3', 0), ('dil_conv_3x3', 1), ('conv_3x1_1x3', 0), ('sep_conv_3x3', 1), ('sep_conv_5x5', 2), ('sep_conv_5x5', 0), ('sep_conv_3x3', 1), ('dil_conv_5x5', 2), ('conv_3x3', 3), ('conv_3x1_1x3', 0), ('dil_conv_3x3', 1), ('dil_conv_5x5', 2), ('dil_conv_3x3', 3), ('dil_conv_3x3', 4)], normal_concat=range(2, 6), reduce=[('max_pool_3x3', 0), ('max_pool_3x3', 1), ('max_pool_3x3', 0), ('max_pool_3x3', 1), ('skip_connect', 2), ('max_pool_3x3', 0), ('max_pool_3x3', 1), ('skip_connect', 2), ('skip_connect', 3), ('max_pool_3x3', 0), ('max_pool_3x3', 1), ('skip_connect', 2), ('skip_connect', 3), ('none', 4)], reduce_concat=range(2, 6))
2020-04-22 10:53:00,230 Variable containing:
 0.1671  0.1674  0.1669  0.1663  0.1652  0.1671
 0.1667  0.1668  0.1666  0.1659  0.1678  0.1662
 0.1668  0.1670  0.1669  0.1663  0.1665  0.1665
 0.1664  0.1658  0.1678  0.1667  0.1669  0.1665
 0.1668  0.1667  0.1662  0.1671  0.1663  0.1668
 0.1662  0.1666  0.1661  0.1673  0.1668  0.1671
 0.1665  0.1668  0.1674  0.1664  0.1659  0.1671
 0.1666  0.1664  0.1668  0.1667  0.1666  0.1670
 0.1670  0.1668  0.1666  0.1658  0.1669  0.1668
 0.1668  0.1670  0.1663  0.1667  0.1668  0.1665
 0.1667  0.1665  0.1668  0.1664  0.1669  0.1666
 0.1667  0.1665  0.1668  0.1665  0.1660  0.1675
 0.1666  0.1663  0.1669  0.1667  0.1672  0.1662
 0.1664  0.1669  0.1661  0.1665  0.1672  0.1669
[torch.cuda.FloatTensor of size 14x6 (GPU 3)]

2020-04-22 10:53:00,232 Variable containing:
 0.1392  0.1375  0.1434  0.2313  0.1289  0.2197
 0.1821  0.1631  0.1471  0.1940  0.1326  0.1811
 0.1337  0.1407  0.1464  0.2317  0.1322  0.2153
 0.1665  0.1729  0.1530  0.1937  0.1362  0.1778
 0.1824  0.2328  0.1593  0.1738  0.1143  0.1375
 0.1344  0.1452  0.1466  0.2286  0.1330  0.2122
 0.1644  0.1647  0.1536  0.1968  0.1374  0.1830
 0.1809  0.2278  0.1606  0.1760  0.1159  0.1388
 0.1936  0.2226  0.1576  0.1702  0.1174  0.1386
 0.1365  0.1410  0.1475  0.2262  0.1342  0.2146
 0.1668  0.1614  0.1547  0.1947  0.1380  0.1844
 0.1853  0.2202  0.1566  0.1802  0.1149  0.1428
 0.1975  0.2142  0.1551  0.1737  0.1172  0.1423
 0.2084  0.1949  0.1591  0.1733  0.1208  0.1435
[torch.cuda.FloatTensor of size 14x6 (GPU 3)]

2020-04-22 10:53:01,798 train 000 3.886698e-01 89.062500 98.437500
2020-04-22 10:54:17,315 train 050 4.469706e-01 83.578431 99.632353
2020-04-22 10:55:31,334 train 100 4.602418e-01 83.462252 99.520421
2020-04-22 10:56:47,424 train 150 4.550390e-01 84.074917 99.503311
2020-04-22 10:58:02,251 train 200 4.509098e-01 84.250622 99.463619
2020-04-22 10:59:17,557 train 250 4.542192e-01 84.063745 99.452191
2020-04-22 11:00:31,267 train 300 4.530838e-01 84.188123 99.444560
2020-04-22 11:01:46,171 train 350 4.535942e-01 84.250356 99.448006
2020-04-22 11:02:45,413 train_acc 84.236000
2020-04-22 11:02:45,774 valid 000 8.537832e-01 75.000000 98.437500
2020-04-22 11:02:54,437 valid 050 5.807184e-01 81.004902 99.264706
2020-04-22 11:03:03,512 valid 100 5.660552e-01 81.110767 99.211015
2020-04-22 11:03:12,496 valid 150 5.725499e-01 80.898179 99.151490
2020-04-22 11:03:21,371 valid 200 5.665408e-01 80.931281 99.090485
2020-04-22 11:03:30,192 valid 250 5.762998e-01 80.739542 98.997759
2020-04-22 11:03:39,666 valid 300 5.800249e-01 80.512874 99.008513
2020-04-22 11:03:49,834 valid 350 5.807709e-01 80.600071 98.953882
2020-04-22 11:03:58,088 valid_acc 80.648000
2020-04-22 11:03:58,252 epoch 10 lr 2.270820e-02
2020-04-22 11:03:58,253 genotype = Genotype(normal=[('sep_conv_3x3', 0), ('dil_conv_3x3', 1), ('dil_conv_5x5', 0), ('dil_conv_5x5', 2), ('dil_conv_5x5', 1), ('dil_conv_5x5', 2), ('dil_conv_5x5', 0), ('dil_conv_5x5', 4)], normal_concat=range(2, 6), reduce=[('max_pool_3x3', 0), ('max_pool_3x3', 1), ('skip_connect', 2), ('max_pool_3x3', 0), ('skip_connect', 2), ('max_pool_3x3', 0), ('max_pool_3x3', 0), ('skip_connect', 2)], reduce_concat=range(2, 6))
