2020-04-22 11:33:59,953 gpu device = 0
2020-04-22 11:33:59,953 args = Namespace(arch_learning_rate=0.0003, arch_weight_decay=0.001, batch_size=64, cutout=False, cutout_length=16, data='./data', drop_path_prob=0.3, epochs=50, gpu=0, grad_clip=5, init_channels=16, layers=8, learning_rate=0.025, learning_rate_min=0.001, model_path='saved_models', momentum=0.9, report_freq=50, save='n=0.8-search-EXP-20200422-113359', seed=2, train_portion=0.5, unrolled=False, weight_decay=0.0003)
2020-04-22 11:34:02,540 param size = 3.621370MB
2020-04-22 11:34:03,811 epoch 0 lr 2.500000e-02
2020-04-22 11:34:03,813 genotype = Genotype(normal=[('sep_conv_3x3', 1), ('dil_conv_5x5', 0), ('sep_conv_3x3', 0), ('conv_3x1_1x3', 2), ('dil_conv_3x3', 1), ('sep_conv_3x3', 2), ('conv_3x1_1x3', 3), ('sep_conv_5x5', 2)], normal_concat=range(2, 6), reduce=[('max_pool_5x5', 0), ('avg_pool_3x3', 1), ('skip_connect', 1), ('max_pool_5x5', 0), ('max_pool_3x3', 0), ('avg_pool_3x3', 1), ('max_pool_3x3', 0), ('avg_pool_5x5', 4)], reduce_concat=range(2, 6))
2020-04-22 11:34:03,813 genotype_all = Genotype(normal=[('dil_conv_5x5', 0), ('sep_conv_3x3', 1), ('sep_conv_3x3', 0), ('conv_3x3', 1), ('conv_3x1_1x3', 2), ('sep_conv_5x5', 0), ('dil_conv_3x3', 1), ('sep_conv_3x3', 2), ('dil_conv_3x3', 3), ('dil_conv_3x3', 0), ('sep_conv_3x3', 1), ('sep_conv_5x5', 2), ('conv_3x1_1x3', 3), ('dil_conv_5x5', 4)], normal_concat=range(2, 6), reduce=[('max_pool_5x5', 0), ('avg_pool_3x3', 1), ('max_pool_5x5', 0), ('skip_connect', 1), ('none', 2), ('max_pool_3x3', 0), ('avg_pool_3x3', 1), ('avg_pool_3x3', 2), ('max_pool_5x5', 3), ('max_pool_3x3', 0), ('avg_pool_3x3', 1), ('skip_connect', 2), ('avg_pool_3x3', 3), ('avg_pool_5x5', 4)], reduce_concat=range(2, 6))
2020-04-22 11:34:03,814 Variable containing:
 0.1667  0.1664  0.1668  0.1666  0.1666  0.1668
 0.1666  0.1665  0.1669  0.1666  0.1667  0.1667
 0.1668  0.1666  0.1670  0.1666  0.1666  0.1664
 0.1669  0.1668  0.1663  0.1668  0.1666  0.1666
 0.1666  0.1669  0.1667  0.1664  0.1667  0.1666
 0.1666  0.1666  0.1667  0.1668  0.1667  0.1666
 0.1664  0.1666  0.1666  0.1667  0.1670  0.1668
 0.1664  0.1668  0.1669  0.1668  0.1664  0.1665
 0.1666  0.1667  0.1666  0.1667  0.1668  0.1666
 0.1668  0.1665  0.1665  0.1667  0.1668  0.1666
 0.1666  0.1667  0.1669  0.1668  0.1664  0.1668
 0.1664  0.1668  0.1665  0.1670  0.1666  0.1667
 0.1667  0.1670  0.1665  0.1667  0.1666  0.1664
 0.1665  0.1665  0.1667  0.1667  0.1666  0.1669
[torch.cuda.FloatTensor of size 14x6 (GPU 0)]

2020-04-22 11:34:03,818 Variable containing:
 0.1668  0.1667  0.1663  0.1665  0.1669  0.1669
 0.1665  0.1666  0.1669  0.1666  0.1668  0.1665
 0.1669  0.1665  0.1664  0.1666  0.1667  0.1669
 0.1669  0.1670  0.1664  0.1665  0.1665  0.1666
 0.1669  0.1666  0.1665  0.1666  0.1667  0.1666
 0.1667  0.1667  0.1666  0.1669  0.1665  0.1665
 0.1664  0.1668  0.1668  0.1667  0.1665  0.1667
 0.1665  0.1667  0.1668  0.1666  0.1667  0.1666
 0.1667  0.1666  0.1668  0.1665  0.1666  0.1668
 0.1666  0.1666  0.1664  0.1669  0.1667  0.1668
 0.1666  0.1666  0.1668  0.1666  0.1666  0.1667
 0.1668  0.1668  0.1665  0.1667  0.1666  0.1667
 0.1666  0.1667  0.1668  0.1664  0.1667  0.1667
 0.1666  0.1666  0.1666  0.1668  0.1669  0.1667
[torch.cuda.FloatTensor of size 14x6 (GPU 0)]

2020-04-22 11:34:11,022 train 000 2.311980e+00 4.687500 56.250000
2020-04-22 11:35:24,410 train 050 2.038382e+00 23.774510 76.807598
2020-04-22 11:36:34,705 train 100 1.932402e+00 27.212252 81.234530
2020-04-22 11:37:50,365 train 150 1.862330e+00 30.008278 83.598924
2020-04-22 11:39:02,452 train 200 1.806922e+00 32.299440 84.965796
2020-04-22 11:40:15,068 train 250 1.764621e+00 34.082420 85.956175
2020-04-22 11:41:27,717 train 300 1.724637e+00 35.677949 86.710963
2020-04-22 11:42:39,819 train 350 1.681986e+00 37.428775 87.464387
2020-04-22 11:43:40,396 train_acc 38.576000
2020-04-22 11:43:40,733 valid 000 1.290332e+00 62.500000 95.312500
2020-04-22 11:43:49,251 valid 050 1.403621e+00 49.203431 92.647059
2020-04-22 11:43:57,692 valid 100 1.424505e+00 48.422030 92.790842
2020-04-22 11:44:06,089 valid 150 1.405790e+00 48.841060 92.963576
2020-04-22 11:44:14,459 valid 200 1.404532e+00 48.802861 92.863806
2020-04-22 11:44:22,786 valid 250 1.401956e+00 48.947958 92.816235
2020-04-22 11:44:31,172 valid 300 1.403258e+00 48.785299 92.893480
2020-04-22 11:44:39,498 valid 350 1.404054e+00 48.775819 92.779558
2020-04-22 11:44:46,335 valid_acc 48.700000
2020-04-22 11:44:46,469 epoch 1 lr 2.497632e-02
2020-04-22 11:44:46,469 genotype = Genotype(normal=[('dil_conv_5x5', 1), ('conv_3x3', 0), ('dil_conv_3x3', 2), ('dil_conv_5x5', 0), ('dil_conv_3x3', 1), ('conv_3x3', 2), ('dil_conv_3x3', 3), ('dil_conv_5x5', 1)], normal_concat=range(2, 6), reduce=[('max_pool_3x3', 0), ('max_pool_3x3', 1), ('max_pool_3x3', 0), ('skip_connect', 2), ('max_pool_3x3', 0), ('skip_connect', 2), ('max_pool_3x3', 0), ('skip_connect', 2)], reduce_concat=range(2, 6))
2020-04-22 11:44:46,470 genotype_all = Genotype(normal=[('conv_3x3', 0), ('dil_conv_5x5', 1), ('dil_conv_5x5', 0), ('conv_3x3', 1), ('dil_conv_3x3', 2), ('conv_3x1_1x3', 0), ('dil_conv_3x3', 1), ('conv_3x3', 2), ('dil_conv_5x5', 3), ('conv_3x3', 0), ('dil_conv_5x5', 1), ('dil_conv_5x5', 2), ('dil_conv_3x3', 3), ('sep_conv_5x5', 4)], normal_concat=range(2, 6), reduce=[('max_pool_3x3', 0), ('max_pool_3x3', 1), ('max_pool_3x3', 0), ('max_pool_3x3', 1), ('skip_connect', 2), ('max_pool_3x3', 0), ('max_pool_3x3', 1), ('skip_connect', 2), ('skip_connect', 3), ('max_pool_3x3', 0), ('max_pool_3x3', 1), ('skip_connect', 2), ('skip_connect', 3), ('none', 4)], reduce_concat=range(2, 6))
2020-04-22 11:44:46,470 Variable containing:
 0.1676  0.1668  0.1668  0.1650  0.1666  0.1672
 0.1669  0.1668  0.1666  0.1657  0.1663  0.1677
 0.1669  0.1671  0.1656  0.1654  0.1672  0.1677
 0.1672  0.1670  0.1671  0.1665  0.1655  0.1667
 0.1667  0.1667  0.1666  0.1657  0.1678  0.1665
 0.1666  0.1672  0.1672  0.1654  0.1664  0.1672
 0.1666  0.1670  0.1662  0.1661  0.1675  0.1667
 0.1673  0.1666  0.1664  0.1663  0.1668  0.1665
 0.1668  0.1669  0.1665  0.1659  0.1666  0.1673
 0.1675  0.1671  0.1668  0.1667  0.1663  0.1657
 0.1672  0.1665  0.1662  0.1666  0.1659  0.1676
 0.1668  0.1670  0.1664  0.1668  0.1657  0.1672
 0.1663  0.1663  0.1666  0.1661  0.1676  0.1670
 0.1667  0.1661  0.1662  0.1674  0.1665  0.1671
[torch.cuda.FloatTensor of size 14x6 (GPU 0)]

2020-04-22 11:44:46,473 Variable containing:
 0.1639  0.1659  0.1607  0.1753  0.1597  0.1745
 0.1678  0.1684  0.1624  0.1706  0.1607  0.1701
 0.1633  0.1648  0.1617  0.1761  0.1595  0.1746
 0.1669  0.1683  0.1619  0.1716  0.1604  0.1709
 0.1693  0.1743  0.1667  0.1706  0.1565  0.1626
 0.1633  0.1654  0.1613  0.1761  0.1593  0.1746
 0.1664  0.1681  0.1620  0.1717  0.1602  0.1716
 0.1681  0.1731  0.1666  0.1718  0.1567  0.1636
 0.1702  0.1716  0.1670  0.1711  0.1566  0.1636
 0.1615  0.1642  0.1622  0.1764  0.1604  0.1753
 0.1668  0.1689  0.1625  0.1710  0.1603  0.1706
 0.1671  0.1739  0.1676  0.1722  0.1564  0.1627
 0.1696  0.1732  0.1681  0.1705  0.1567  0.1620
 0.1709  0.1708  0.1684  0.1703  0.1574  0.1622
[torch.cuda.FloatTensor of size 14x6 (GPU 0)]

2020-04-22 11:44:49,288 train 000 1.194049e+00 60.937500 96.875000
2020-04-22 11:46:00,228 train 050 1.329357e+00 51.685049 93.688725
2020-04-22 11:47:11,870 train 100 1.318081e+00 51.810025 93.889233
2020-04-22 11:48:23,893 train 150 1.305310e+00 52.245447 94.246689
2020-04-22 11:49:36,157 train 200 1.282768e+00 53.132774 94.527363
2020-04-22 11:50:50,184 train 250 1.256032e+00 54.251743 94.752241
2020-04-22 11:52:03,697 train 300 1.242001e+00 55.009344 94.757060
2020-04-22 11:53:18,689 train 350 1.222429e+00 55.666845 94.911859
2020-04-22 11:54:18,460 train_acc 56.300000
2020-04-22 11:54:18,794 valid 000 1.050233e+00 60.937500 98.437500
2020-04-22 11:54:27,531 valid 050 1.130892e+00 58.578431 96.354167
2020-04-22 11:54:35,904 valid 100 1.149057e+00 58.369431 96.055074
2020-04-22 11:54:44,344 valid 150 1.138452e+00 58.650662 96.016142
2020-04-22 11:54:52,960 valid 200 1.149541e+00 58.325560 95.965485
2020-04-22 11:55:01,430 valid 250 1.154370e+00 58.217131 95.903884
2020-04-22 11:55:09,994 valid 300 1.151819e+00 58.290075 95.976952
2020-04-22 11:55:18,502 valid 350 1.154129e+00 58.266560 96.015848
2020-04-22 11:55:25,258 valid_acc 58.316000
2020-04-22 11:55:25,416 epoch 2 lr 2.490538e-02
2020-04-22 11:55:25,418 genotype = Genotype(normal=[('sep_conv_3x3', 0), ('sep_conv_3x3', 1), ('conv_3x1_1x3', 1), ('dil_conv_5x5', 2), ('dil_conv_3x3', 1), ('dil_conv_5x5', 2), ('conv_3x1_1x3', 0), ('dil_conv_3x3', 4)], normal_concat=range(2, 6), reduce=[('max_pool_3x3', 0), ('max_pool_5x5', 1), ('max_pool_3x3', 0), ('skip_connect', 2), ('max_pool_3x3', 0), ('skip_connect', 2), ('max_pool_3x3', 0), ('skip_connect', 2)], reduce_concat=range(2, 6))
2020-04-22 11:55:25,418 genotype_all = Genotype(normal=[('sep_conv_3x3', 0), ('sep_conv_3x3', 1), ('conv_3x3', 0), ('conv_3x1_1x3', 1), ('dil_conv_5x5', 2), ('dil_conv_5x5', 0), ('dil_conv_3x3', 1), ('dil_conv_5x5', 2), ('dil_conv_5x5', 3), ('conv_3x1_1x3', 0), ('conv_3x3', 1), ('conv_3x3', 2), ('dil_conv_3x3', 3), ('dil_conv_3x3', 4)], normal_concat=range(2, 6), reduce=[('max_pool_3x3', 0), ('max_pool_5x5', 1), ('max_pool_3x3', 0), ('max_pool_3x3', 1), ('skip_connect', 2), ('max_pool_3x3', 0), ('max_pool_3x3', 1), ('skip_connect', 2), ('skip_connect', 3), ('max_pool_3x3', 0), ('max_pool_5x5', 1), ('skip_connect', 2), ('skip_connect', 3), ('none', 4)], reduce_concat=range(2, 6))
2020-04-22 11:55:25,418 Variable containing:
 0.1671  0.1670  0.1681  0.1646  0.1662  0.1670
 0.1668  0.1668  0.1675  0.1668  0.1651  0.1671
 0.1672  0.1668  0.1670  0.1668  0.1662  0.1661
 0.1667  0.1673  0.1665  0.1663  0.1666  0.1665
 0.1665  0.1664  0.1663  0.1663  0.1672  0.1673
 0.1670  0.1673  0.1671  0.1657  0.1658  0.1673
 0.1667  0.1667  0.1665  0.1660  0.1689  0.1653
 0.1672  0.1661  0.1662  0.1660  0.1671  0.1674
 0.1668  0.1665  0.1666  0.1668  0.1663  0.1669
 0.1670  0.1677  0.1665  0.1662  0.1667  0.1660
 0.1673  0.1667  0.1673  0.1666  0.1666  0.1654
 0.1675  0.1666  0.1669  0.1663  0.1661  0.1666
 0.1669  0.1667  0.1664  0.1661  0.1672  0.1667
 0.1668  0.1663  0.1672  0.1663  0.1676  0.1658
[torch.cuda.FloatTensor of size 14x6 (GPU 0)]

2020-04-22 11:55:25,421 Variable containing:
 0.1592  0.1629  0.1516  0.1899  0.1497  0.1867
 0.1712  0.1715  0.1538  0.1759  0.1512  0.1764
 0.1576  0.1587  0.1535  0.1921  0.1500  0.1881
 0.1684  0.1682  0.1547  0.1791  0.1514  0.1782
 0.1706  0.1824  0.1645  0.1762  0.1463  0.1600
 0.1573  0.1613  0.1533  0.1916  0.1497  0.1867
 0.1672  0.1688  0.1553  0.1786  0.1517  0.1784
 0.1693  0.1807  0.1653  0.1773  0.1465  0.1608
 0.1744  0.1787  0.1650  0.1755  0.1462  0.1602
 0.1549  0.1592  0.1542  0.1922  0.1508  0.1887
 0.1683  0.1706  0.1547  0.1776  0.1509  0.1778
 0.1690  0.1810  0.1662  0.1783  0.1458  0.1597
 0.1745  0.1798  0.1658  0.1752  0.1462  0.1585
 0.1770  0.1753  0.1670  0.1744  0.1475  0.1588
[torch.cuda.FloatTensor of size 14x6 (GPU 0)]

2020-04-22 11:55:27,047 train 000 1.154342e+00 64.062500 95.312500
2020-04-22 11:56:39,392 train 050 1.067926e+00 62.377451 95.833333
2020-04-22 11:57:52,181 train 100 1.023148e+00 64.294554 96.472772
2020-04-22 11:59:03,131 train 150 1.013408e+00 64.600579 96.533526
2020-04-22 12:00:15,625 train 200 1.008110e+00 64.769900 96.727301
2020-04-22 12:01:28,076 train 250 9.955849e-01 64.996265 96.750498
2020-04-22 12:02:41,569 train 300 9.813250e-01 65.375831 96.906146
2020-04-22 12:03:56,052 train 350 9.724946e-01 65.665064 96.923967
2020-04-22 12:04:54,859 train_acc 65.988000
2020-04-22 12:04:55,259 valid 000 1.022095e+00 62.500000 98.437500
2020-04-22 12:05:03,894 valid 050 9.181782e-01 67.279412 97.120098
2020-04-22 12:05:12,434 valid 100 9.154027e-01 67.156559 97.122525
2020-04-22 12:05:21,149 valid 150 9.189868e-01 66.959851 97.309603
2020-04-22 12:05:30,101 valid 200 9.271995e-01 66.651119 97.185945
2020-04-22 12:05:39,138 valid 250 9.308683e-01 66.540090 97.173805
2020-04-22 12:05:48,001 valid 300 9.325729e-01 66.455565 97.248754
2020-04-22 12:05:57,172 valid 350 9.330738e-01 66.493056 97.280093
2020-04-22 12:06:04,428 valid_acc 66.436000
2020-04-22 12:06:04,579 epoch 3 lr 2.478745e-02
2020-04-22 12:06:04,580 genotype = Genotype(normal=[('sep_conv_3x3', 1), ('sep_conv_3x3', 0), ('dil_conv_5x5', 0), ('conv_3x1_1x3', 2), ('dil_conv_3x3', 2), ('conv_3x3', 0), ('dil_conv_3x3', 1), ('conv_3x1_1x3', 0)], normal_concat=range(2, 6), reduce=[('max_pool_3x3', 0), ('max_pool_5x5', 1), ('max_pool_3x3', 0), ('skip_connect', 2), ('max_pool_3x3', 0), ('skip_connect', 2), ('max_pool_3x3', 0), ('skip_connect', 2)], reduce_concat=range(2, 6))
2020-04-22 12:06:04,580 genotype_all = Genotype(normal=[('sep_conv_3x3', 0), ('sep_conv_3x3', 1), ('dil_conv_5x5', 0), ('dil_conv_3x3', 1), ('conv_3x1_1x3', 2), ('conv_3x3', 0), ('sep_conv_3x3', 1), ('dil_conv_3x3', 2), ('dil_conv_3x3', 3), ('conv_3x1_1x3', 0), ('dil_conv_3x3', 1), ('conv_3x3', 2), ('conv_3x1_1x3', 3), ('dil_conv_3x3', 4)], normal_concat=range(2, 6), reduce=[('max_pool_3x3', 0), ('max_pool_5x5', 1), ('max_pool_3x3', 0), ('max_pool_3x3', 1), ('skip_connect', 2), ('max_pool_3x3', 0), ('max_pool_3x3', 1), ('skip_connect', 2), ('skip_connect', 3), ('max_pool_3x3', 0), ('max_pool_5x5', 1), ('skip_connect', 2), ('skip_connect', 3), ('none', 4)], reduce_concat=range(2, 6))
2020-04-22 12:06:04,581 Variable containing:
 0.1666  0.1667  0.1673  0.1661  0.1662  0.1670
 0.1669  0.1671  0.1678  0.1660  0.1662  0.1660
 0.1666  0.1667  0.1662  0.1662  0.1664  0.1680
 0.1668  0.1665  0.1670  0.1659  0.1671  0.1668
 0.1666  0.1675  0.1654  0.1660  0.1673  0.1672
 0.1674  0.1672  0.1671  0.1656  0.1656  0.1671
 0.1670  0.1663  0.1672  0.1663  0.1671  0.1660
 0.1666  0.1666  0.1656  0.1662  0.1678  0.1673
 0.1667  0.1666  0.1663  0.1663  0.1672  0.1670
 0.1670  0.1676  0.1671  0.1663  0.1669  0.1652
 0.1674  0.1668  0.1670  0.1657  0.1677  0.1655
 0.1671  0.1669  0.1668  0.1670  0.1662  0.1659
 0.1669  0.1673  0.1671  0.1659  0.1666  0.1661
 0.1665  0.1669  0.1670  0.1657  0.1671  0.1668
[torch.cuda.FloatTensor of size 14x6 (GPU 0)]

2020-04-22 12:06:04,585 Variable containing:
 0.1562  0.1588  0.1488  0.1976  0.1457  0.1930
 0.1728  0.1733  0.1483  0.1800  0.1446  0.1810
 0.1535  0.1553  0.1507  0.1998  0.1464  0.1942
 0.1694  0.1658  0.1500  0.1854  0.1452  0.1842
 0.1720  0.1893  0.1637  0.1781  0.1397  0.1573
 0.1530  0.1577  0.1513  0.1996  0.1462  0.1922
 0.1675  0.1677  0.1499  0.1853  0.1450  0.1846
 0.1708  0.1876  0.1647  0.1794  0.1397  0.1578
 0.1784  0.1850  0.1637  0.1765  0.1395  0.1568
 0.1504  0.1543  0.1516  0.2011  0.1471  0.1955
 0.1685  0.1703  0.1496  0.1832  0.1448  0.1836
 0.1698  0.1867  0.1659  0.1810  0.1395  0.1571
 0.1774  0.1858  0.1647  0.1765  0.1399  0.1556
 0.1810  0.1802  0.1661  0.1754  0.1415  0.1558
[torch.cuda.FloatTensor of size 14x6 (GPU 0)]

2020-04-22 12:06:06,296 train 000 1.100629e+00 56.250000 93.750000
2020-04-22 12:07:20,001 train 050 8.258561e-01 70.986520 97.855392
2020-04-22 12:08:32,909 train 100 8.432657e-01 69.925743 97.865099
2020-04-22 12:09:44,637 train 150 8.375941e-01 70.250414 97.826987
2020-04-22 12:10:55,436 train 200 8.386658e-01 70.491294 97.745647
2020-04-22 12:12:06,680 train 250 8.318559e-01 70.798058 97.808765
2020-04-22 12:13:18,324 train 300 8.322440e-01 70.764120 97.871678
2020-04-22 12:14:32,701 train 350 8.247882e-01 71.006944 97.889957
2020-04-22 12:15:32,441 train_acc 71.248000
2020-04-22 12:15:32,783 valid 000 9.204363e-01 70.312500 95.312500
2020-04-22 12:15:41,585 valid 050 7.921784e-01 72.916667 97.671569
2020-04-22 12:15:50,427 valid 100 7.855038e-01 73.019802 97.648515
2020-04-22 12:15:59,185 valid 150 7.761959e-01 73.344371 97.744205
2020-04-22 12:16:08,361 valid 200 7.730478e-01 73.297575 97.714552
2020-04-22 12:16:17,574 valid 250 7.699563e-01 73.325448 97.765189
2020-04-22 12:16:26,429 valid 300 7.613181e-01 73.759344 97.830150
2020-04-22 12:16:35,838 valid 350 7.637845e-01 73.593305 97.858796
2020-04-22 12:16:43,120 valid_acc 73.504000
2020-04-22 12:16:43,258 epoch 4 lr 2.462300e-02
2020-04-22 12:16:43,259 genotype = Genotype(normal=[('sep_conv_3x3', 1), ('sep_conv_3x3', 0), ('dil_conv_5x5', 0), ('conv_3x3', 2), ('dil_conv_3x3', 2), ('dil_conv_3x3', 3), ('dil_conv_3x3', 4), ('dil_conv_3x3', 3)], normal_concat=range(2, 6), reduce=[('max_pool_3x3', 0), ('max_pool_5x5', 1), ('max_pool_3x3', 0), ('skip_connect', 2), ('max_pool_3x3', 0), ('skip_connect', 2), ('max_pool_3x3', 0), ('skip_connect', 2)], reduce_concat=range(2, 6))
2020-04-22 12:16:43,259 genotype_all = Genotype(normal=[('sep_conv_3x3', 0), ('sep_conv_3x3', 1), ('dil_conv_5x5', 0), ('conv_3x1_1x3', 1), ('conv_3x3', 2), ('conv_3x3', 0), ('dil_conv_3x3', 1), ('dil_conv_3x3', 2), ('dil_conv_3x3', 3), ('sep_conv_3x3', 0), ('sep_conv_3x3', 1), ('sep_conv_3x3', 2), ('dil_conv_3x3', 3), ('dil_conv_3x3', 4)], normal_concat=range(2, 6), reduce=[('max_pool_3x3', 0), ('max_pool_5x5', 1), ('max_pool_3x3', 0), ('max_pool_3x3', 1), ('skip_connect', 2), ('max_pool_3x3', 0), ('max_pool_3x3', 1), ('skip_connect', 2), ('skip_connect', 3), ('max_pool_3x3', 0), ('max_pool_3x3', 1), ('skip_connect', 2), ('skip_connect', 3), ('none', 4)], reduce_concat=range(2, 6))
2020-04-22 12:16:43,260 Variable containing:
 0.1667  0.1672  0.1673  0.1660  0.1658  0.1670
 0.1667  0.1673  0.1683  0.1663  0.1648  0.1666
 0.1673  0.1669  0.1667  0.1658  0.1658  0.1676
 0.1668  0.1670  0.1660  0.1668  0.1667  0.1667
 0.1671  0.1670  0.1660  0.1665  0.1669  0.1665
 0.1669  0.1669  0.1668  0.1666  0.1660  0.1668
 0.1663  0.1668  0.1667  0.1664  0.1671  0.1668
 0.1664  0.1665  0.1666  0.1661  0.1681  0.1664
 0.1661  0.1662  0.1669  0.1663  0.1675  0.1671
 0.1666  0.1668  0.1675  0.1664  0.1669  0.1659
 0.1668  0.1667  0.1674  0.1664  0.1667  0.1660
 0.1667  0.1670  0.1677  0.1673  0.1653  0.1661
 0.1671  0.1667  0.1665  0.1661  0.1678  0.1658
 0.1659  0.1666  0.1650  0.1669  0.1688  0.1667
[torch.cuda.FloatTensor of size 14x6 (GPU 0)]

2020-04-22 12:16:43,262 Variable containing:
 0.1543  0.1566  0.1448  0.2039  0.1408  0.1996
 0.1723  0.1726  0.1458  0.1842  0.1405  0.1846
 0.1510  0.1531  0.1465  0.2068  0.1416  0.2009
 0.1686  0.1608  0.1482  0.1923  0.1417  0.1885
 0.1735  0.1962  0.1614  0.1801  0.1334  0.1553
 0.1508  0.1571  0.1470  0.2055  0.1412  0.1985
 0.1646  0.1700  0.1467  0.1896  0.1410  0.1881
 0.1721  0.1938  0.1629  0.1812  0.1339  0.1560
 0.1818  0.1904  0.1608  0.1783  0.1335  0.1551
 0.1487  0.1515  0.1475  0.2073  0.1425  0.2024
 0.1672  0.1689  0.1472  0.1882  0.1413  0.1872
 0.1731  0.1923  0.1633  0.1824  0.1336  0.1553
 0.1831  0.1898  0.1612  0.1780  0.1339  0.1540
 0.1864  0.1828  0.1633  0.1772  0.1359  0.1544
[torch.cuda.FloatTensor of size 14x6 (GPU 0)]

2020-04-22 12:16:44,853 train 000 6.293914e-01 81.250000 98.437500
2020-04-22 12:17:58,944 train 050 7.055254e-01 75.214461 98.253676
2020-04-22 12:19:13,641 train 100 7.108735e-01 75.015470 98.422030
2020-04-22 12:20:28,857 train 150 7.165461e-01 75.134520 98.447848
2020-04-22 12:21:42,328 train 200 7.152076e-01 75.077736 98.491915
2020-04-22 12:22:53,810 train 250 7.128745e-01 75.354831 98.487301
2020-04-22 12:24:05,587 train 300 7.104295e-01 75.218023 98.442691
2020-04-22 12:25:17,466 train 350 7.121949e-01 75.204772 98.366275
2020-04-22 12:26:14,652 train_acc 75.364000
2020-04-22 12:26:15,047 valid 000 6.133412e-01 76.562500 98.437500
2020-04-22 12:26:23,540 valid 050 7.672434e-01 74.295343 98.314951
2020-04-22 12:26:32,446 valid 100 7.590803e-01 74.118193 98.375619
2020-04-22 12:26:41,636 valid 150 7.526696e-01 74.244619 98.220199
2020-04-22 12:26:50,530 valid 200 7.504817e-01 74.222637 98.266480
2020-04-22 12:26:59,115 valid 250 7.526511e-01 74.140936 98.213396
2020-04-22 12:27:07,779 valid 300 7.495993e-01 74.231728 98.255814
2020-04-22 12:27:16,454 valid 350 7.513460e-01 74.198718 98.241631
2020-04-22 12:27:23,380 valid_acc 74.188000
2020-04-22 12:27:23,527 epoch 5 lr 2.441268e-02
2020-04-22 12:27:23,528 genotype = Genotype(normal=[('dil_conv_5x5', 0), ('sep_conv_3x3', 1), ('dil_conv_5x5', 0), ('conv_3x3', 1), ('dil_conv_5x5', 2), ('dil_conv_5x5', 3), ('dil_conv_3x3', 0), ('dil_conv_3x3', 3)], normal_concat=range(2, 6), reduce=[('max_pool_3x3', 0), ('max_pool_3x3', 1), ('max_pool_3x3', 0), ('skip_connect', 2), ('max_pool_3x3', 0), ('skip_connect', 2), ('max_pool_3x3', 0), ('skip_connect', 2)], reduce_concat=range(2, 6))
2020-04-22 12:27:23,529 genotype_all = Genotype(normal=[('dil_conv_5x5', 0), ('sep_conv_3x3', 1), ('dil_conv_5x5', 0), ('conv_3x3', 1), ('sep_conv_3x3', 2), ('dil_conv_5x5', 0), ('sep_conv_3x3', 1), ('dil_conv_5x5', 2), ('dil_conv_5x5', 3), ('dil_conv_3x3', 0), ('dil_conv_3x3', 1), ('sep_conv_5x5', 2), ('dil_conv_3x3', 3), ('dil_conv_3x3', 4)], normal_concat=range(2, 6), reduce=[('max_pool_3x3', 0), ('max_pool_3x3', 1), ('max_pool_3x3', 0), ('max_pool_3x3', 1), ('skip_connect', 2), ('max_pool_3x3', 0), ('max_pool_3x3', 1), ('skip_connect', 2), ('skip_connect', 3), ('max_pool_3x3', 0), ('max_pool_3x3', 1), ('skip_connect', 2), ('skip_connect', 3), ('none', 4)], reduce_concat=range(2, 6))
2020-04-22 12:27:23,529 Variable containing:
 0.1664  0.1659  0.1668  0.1658  0.1653  0.1698
 0.1665  0.1668  0.1675  0.1662  0.1657  0.1673
 0.1664  0.1656  0.1672  0.1665  0.1661  0.1682
 0.1672  0.1665  0.1663  0.1662  0.1669  0.1669
 0.1667  0.1667  0.1669  0.1664  0.1665  0.1668
 0.1668  0.1669  0.1664  0.1665  0.1661  0.1673
 0.1673  0.1670  0.1674  0.1660  0.1649  0.1674
 0.1668  0.1663  0.1664  0.1658  0.1671  0.1676
 0.1665  0.1667  0.1670  0.1663  0.1660  0.1675
 0.1664  0.1661  0.1670  0.1666  0.1682  0.1658
 0.1668  0.1665  0.1663  0.1666  0.1673  0.1667
 0.1668  0.1666  0.1669  0.1675  0.1655  0.1667
 0.1666  0.1667  0.1668  0.1661  0.1680  0.1658
 0.1667  0.1674  0.1657  0.1661  0.1677  0.1664
[torch.cuda.FloatTensor of size 14x6 (GPU 0)]

2020-04-22 12:27:23,532 Variable containing:
 0.1543  0.1565  0.1425  0.2080  0.1374  0.2014
 0.1701  0.1700  0.1442  0.1902  0.1372  0.1883
 0.1502  0.1527  0.1449  0.2113  0.1388  0.2021
 0.1655  0.1571  0.1471  0.1992  0.1389  0.1922
 0.1755  0.2031  0.1611  0.1791  0.1289  0.1523
 0.1502  0.1545  0.1458  0.2109  0.1385  0.2001
 0.1616  0.1666  0.1453  0.1967  0.1380  0.1919
 0.1736  0.1998  0.1625  0.1808  0.1297  0.1536
 0.1846  0.1957  0.1595  0.1778  0.1293  0.1532
 0.1475  0.1500  0.1464  0.2124  0.1401  0.2034
 0.1641  0.1640  0.1462  0.1957  0.1389  0.1911
 0.1741  0.1983  0.1629  0.1823  0.1293  0.1530
 0.1853  0.1957  0.1601  0.1773  0.1297  0.1520
 0.1897  0.1869  0.1623  0.1766  0.1319  0.1525
[torch.cuda.FloatTensor of size 14x6 (GPU 0)]

2020-04-22 12:27:25,060 train 000 6.127698e-01 81.250000 96.875000
2020-04-22 12:28:36,871 train 050 6.571409e-01 76.899510 98.621324
2020-04-22 12:29:48,319 train 100 6.557379e-01 77.614480 98.514851
2020-04-22 12:31:00,248 train 150 6.411531e-01 78.259520 98.509934
2020-04-22 12:32:15,055 train 200 6.348196e-01 78.202736 98.631841
2020-04-22 12:33:29,292 train 250 6.439121e-01 78.068974 98.599353
2020-04-22 12:34:41,137 train 300 6.429163e-01 77.943314 98.655523
2020-04-22 12:35:53,173 train 350 6.388510e-01 78.044872 98.677885
2020-04-22 12:36:51,427 train_acc 77.936000
2020-04-22 12:36:51,833 valid 000 6.026558e-01 76.562500 98.437500
2020-04-22 12:37:00,603 valid 050 6.794737e-01 76.899510 98.529412
2020-04-22 12:37:09,281 valid 100 6.451484e-01 77.738243 98.638614
2020-04-22 12:37:18,001 valid 150 6.520961e-01 77.504139 98.582368
2020-04-22 12:37:26,679 valid 200 6.608021e-01 77.036692 98.592973
2020-04-22 12:37:35,399 valid 250 6.629233e-01 77.166335 98.593127
2020-04-22 12:37:44,200 valid 300 6.658836e-01 77.066030 98.515365
2020-04-22 12:37:52,909 valid 350 6.735597e-01 76.687144 98.499822
2020-04-22 12:37:59,861 valid_acc 76.668000
2020-04-22 12:38:00,005 epoch 6 lr 2.415732e-02
2020-04-22 12:38:00,006 genotype = Genotype(normal=[('dil_conv_5x5', 0), ('dil_conv_3x3', 1), ('dil_conv_5x5', 0), ('conv_3x1_1x3', 1), ('dil_conv_3x3', 0), ('conv_3x3', 1), ('sep_conv_3x3', 2), ('dil_conv_3x3', 4)], normal_concat=range(2, 6), reduce=[('max_pool_3x3', 0), ('max_pool_3x3', 1), ('max_pool_3x3', 0), ('skip_connect', 2), ('max_pool_3x3', 0), ('skip_connect', 2), ('max_pool_3x3', 0), ('skip_connect', 2)], reduce_concat=range(2, 6))
2020-04-22 12:38:00,007 genotype_all = Genotype(normal=[('dil_conv_5x5', 0), ('dil_conv_3x3', 1), ('dil_conv_5x5', 0), ('conv_3x1_1x3', 1), ('dil_conv_5x5', 2), ('dil_conv_3x3', 0), ('conv_3x3', 1), ('sep_conv_5x5', 2), ('conv_3x1_1x3', 3), ('sep_conv_3x3', 0), ('conv_3x1_1x3', 1), ('sep_conv_3x3', 2), ('sep_conv_5x5', 3), ('dil_conv_3x3', 4)], normal_concat=range(2, 6), reduce=[('max_pool_3x3', 0), ('max_pool_3x3', 1), ('max_pool_3x3', 0), ('max_pool_3x3', 1), ('skip_connect', 2), ('max_pool_3x3', 0), ('max_pool_3x3', 1), ('skip_connect', 2), ('skip_connect', 3), ('max_pool_3x3', 0), ('max_pool_3x3', 1), ('skip_connect', 2), ('skip_connect', 3), ('none', 4)], reduce_concat=range(2, 6))
2020-04-22 12:38:00,007 Variable containing:
 0.1668  0.1666  0.1666  0.1658  0.1660  0.1681
 0.1672  0.1674  0.1662  0.1656  0.1676  0.1660
 0.1667  0.1664  0.1668  0.1667  0.1648  0.1686
 0.1673  0.1674  0.1661  0.1662  0.1668  0.1662
 0.1668  0.1672  0.1669  0.1652  0.1665  0.1673
 0.1663  0.1667  0.1669  0.1664  0.1677  0.1661
 0.1672  0.1671  0.1667  0.1662  0.1669  0.1659
 0.1669  0.1661  0.1669  0.1670  0.1669  0.1663
 0.1662  0.1672  0.1660  0.1671  0.1668  0.1667
 0.1666  0.1669  0.1671  0.1664  0.1667  0.1661
 0.1668  0.1672  0.1663  0.1669  0.1671  0.1658
 0.1669  0.1664  0.1676  0.1670  0.1651  0.1671
 0.1667  0.1670  0.1665  0.1671  0.1660  0.1668
 0.1672  0.1660  0.1659  0.1671  0.1673  0.1665
[torch.cuda.FloatTensor of size 14x6 (GPU 0)]

2020-04-22 12:38:00,010 Variable containing:
 0.1530  0.1533  0.1427  0.2117  0.1353  0.2041
 0.1695  0.1700  0.1411  0.1934  0.1336  0.1924
 0.1487  0.1512  0.1443  0.2150  0.1364  0.2044
 0.1646  0.1557  0.1448  0.2032  0.1357  0.1960
 0.1772  0.2081  0.1593  0.1801  0.1245  0.1509
 0.1482  0.1528  0.1450  0.2148  0.1362  0.2030
 0.1602  0.1665  0.1427  0.2000  0.1348  0.1958
 0.1732  0.2044  0.1608  0.1827  0.1259  0.1530
 0.1850  0.2001  0.1573  0.1794  0.1256  0.1525
 0.1468  0.1484  0.1454  0.2154  0.1376  0.2064
 0.1637  0.1629  0.1443  0.1984  0.1361  0.1947
 0.1768  0.2020  0.1603  0.1836  0.1251  0.1520
 0.1889  0.1980  0.1573  0.1788  0.1258  0.1512
 0.1939  0.1869  0.1597  0.1787  0.1283  0.1525
[torch.cuda.FloatTensor of size 14x6 (GPU 0)]

2020-04-22 12:38:01,619 train 000 6.706114e-01 67.187500 100.000000
2020-04-22 12:39:15,024 train 050 5.535057e-01 80.545343 99.203431
2020-04-22 12:40:27,608 train 100 5.662219e-01 80.584777 99.071782
2020-04-22 12:41:41,756 train 150 5.774892e-01 79.997930 99.068709
2020-04-22 12:42:56,471 train 200 5.753960e-01 80.060634 99.074938
2020-04-22 12:44:08,803 train 250 5.793949e-01 80.042331 98.991534
2020-04-22 12:45:20,562 train 300 5.737692e-01 80.367525 98.941030
2020-04-22 12:46:32,258 train 350 5.717218e-01 80.430912 98.922721
2020-04-22 12:47:31,110 train_acc 80.368000
2020-04-22 12:47:31,590 valid 000 5.139289e-01 82.812500 100.000000
2020-04-22 12:47:40,431 valid 050 6.504160e-01 77.542892 98.468137
2020-04-22 12:47:49,696 valid 100 6.439829e-01 77.753713 98.530322
2020-04-22 12:47:58,514 valid 150 6.335910e-01 78.238825 98.509934
2020-04-22 12:48:07,570 valid 200 6.254716e-01 78.645833 98.546331
2020-04-22 12:48:16,586 valid 250 6.244519e-01 78.641683 98.505976
2020-04-22 12:48:25,682 valid 300 6.255328e-01 78.576620 98.468646
2020-04-22 12:48:34,813 valid 350 6.265888e-01 78.574608 98.490919
2020-04-22 12:48:41,875 valid_acc 78.796000
2020-04-22 12:48:42,027 epoch 7 lr 2.385792e-02
2020-04-22 12:48:42,028 genotype = Genotype(normal=[('sep_conv_3x3', 0), ('sep_conv_3x3', 1), ('conv_3x1_1x3', 1), ('sep_conv_5x5', 0), ('sep_conv_3x3', 3), ('sep_conv_3x3', 1), ('dil_conv_3x3', 1), ('sep_conv_3x3', 2)], normal_concat=range(2, 6), reduce=[('max_pool_3x3', 0), ('max_pool_3x3', 1), ('max_pool_3x3', 0), ('skip_connect', 2), ('max_pool_3x3', 0), ('skip_connect', 2), ('max_pool_3x3', 0), ('skip_connect', 2)], reduce_concat=range(2, 6))
2020-04-22 12:48:42,028 genotype_all = Genotype(normal=[('sep_conv_3x3', 0), ('sep_conv_3x3', 1), ('sep_conv_5x5', 0), ('conv_3x1_1x3', 1), ('conv_3x1_1x3', 2), ('sep_conv_5x5', 0), ('sep_conv_3x3', 1), ('sep_conv_3x3', 2), ('sep_conv_3x3', 3), ('dil_conv_3x3', 0), ('dil_conv_3x3', 1), ('sep_conv_3x3', 2), ('conv_3x1_1x3', 3), ('conv_3x3', 4)], normal_concat=range(2, 6), reduce=[('max_pool_3x3', 0), ('max_pool_3x3', 1), ('max_pool_3x3', 0), ('max_pool_3x3', 1), ('skip_connect', 2), ('max_pool_3x3', 0), ('max_pool_3x3', 1), ('skip_connect', 2), ('skip_connect', 3), ('max_pool_3x3', 0), ('max_pool_3x3', 1), ('skip_connect', 2), ('skip_connect', 3), ('none', 4)], reduce_concat=range(2, 6))
2020-04-22 12:48:42,028 Variable containing:
 0.1673  0.1665  0.1680  0.1654  0.1660  0.1668
 0.1666  0.1665  0.1677  0.1667  0.1662  0.1663
 0.1665  0.1661  0.1671  0.1677  0.1662  0.1663
 0.1673  0.1680  0.1654  0.1660  0.1672  0.1661
 0.1663  0.1673  0.1663  0.1670  0.1670  0.1661
 0.1669  0.1669  0.1668  0.1669  0.1659  0.1666
 0.1672  0.1672  0.1673  0.1668  0.1664  0.1652
 0.1666  0.1669  0.1671  0.1667  0.1669  0.1658
 0.1664  0.1663  0.1674  0.1660  0.1667  0.1673
 0.1669  0.1668  0.1663  0.1661  0.1673  0.1667
 0.1664  0.1667  0.1671  0.1672  0.1677  0.1650
 0.1670  0.1663  0.1673  0.1666  0.1662  0.1666
 0.1666  0.1671  0.1664  0.1668  0.1671  0.1661
 0.1669  0.1669  0.1665  0.1666  0.1667  0.1664
[torch.cuda.FloatTensor of size 14x6 (GPU 0)]

2020-04-22 12:48:42,031 Variable containing:
 0.1539  0.1535  0.1410  0.2145  0.1324  0.2047
 0.1662  0.1691  0.1397  0.1980  0.1318  0.1952
 0.1485  0.1531  0.1432  0.2176  0.1338  0.2038
 0.1610  0.1523  0.1445  0.2086  0.1348  0.1989
 0.1782  0.2147  0.1605  0.1772  0.1226  0.1467
 0.1479  0.1516  0.1446  0.2182  0.1343  0.2033
 0.1571  0.1635  0.1433  0.2041  0.1346  0.1973
 0.1742  0.2105  0.1624  0.1797  0.1244  0.1488
 0.1874  0.2056  0.1586  0.1759  0.1242  0.1483
 0.1467  0.1501  0.1448  0.2172  0.1355  0.2058
 0.1610  0.1582  0.1453  0.2029  0.1363  0.1963
 0.1791  0.2073  0.1612  0.1808  0.1233  0.1483
 0.1925  0.2022  0.1579  0.1757  0.1240  0.1477
 0.1991  0.1889  0.1610  0.1753  0.1269  0.1488
[torch.cuda.FloatTensor of size 14x6 (GPU 0)]

2020-04-22 12:48:43,618 train 000 5.350336e-01 82.812500 98.437500
2020-04-22 12:49:57,112 train 050 5.228766e-01 81.801471 98.958333
2020-04-22 12:51:12,830 train 100 5.077833e-01 82.518564 99.118193
2020-04-22 12:52:26,969 train 150 5.212854e-01 81.932947 99.089404
2020-04-22 12:53:41,381 train 200 5.231386e-01 81.887438 99.036070
2020-04-22 12:54:54,770 train 250 5.242860e-01 81.872510 99.041335
2020-04-22 12:56:10,270 train 300 5.286424e-01 81.815822 99.008513
2020-04-22 12:57:26,837 train 350 5.319339e-01 81.815349 99.025107
2020-04-22 12:58:26,703 train_acc 81.876000
2020-04-22 12:58:27,044 valid 000 7.206182e-01 76.562500 98.437500
2020-04-22 12:58:36,460 valid 050 5.980027e-01 79.197304 98.805147
2020-04-22 12:58:45,273 valid 100 5.810650e-01 80.027847 98.901609
2020-04-22 12:58:54,427 valid 150 5.855190e-01 79.842715 98.903146
2020-04-22 12:59:03,381 valid 200 5.824939e-01 80.091729 98.849502
2020-04-22 12:59:12,551 valid 250 5.800712e-01 80.229084 98.873257
2020-04-22 12:59:21,560 valid 300 5.859036e-01 80.087209 98.852782
2020-04-22 12:59:30,820 valid 350 5.842493e-01 80.056980 98.815883
2020-04-22 12:59:37,960 valid_acc 80.116000
2020-04-22 12:59:38,113 epoch 8 lr 2.351568e-02
2020-04-22 12:59:38,114 genotype = Genotype(normal=[('sep_conv_3x3', 0), ('conv_3x1_1x3', 1), ('conv_3x3', 2), ('dil_conv_3x3', 1), ('dil_conv_3x3', 1), ('sep_conv_3x3', 3), ('dil_conv_5x5', 4), ('dil_conv_3x3', 1)], normal_concat=range(2, 6), reduce=[('max_pool_3x3', 0), ('max_pool_3x3', 1), ('skip_connect', 2), ('max_pool_3x3', 0), ('max_pool_3x3', 0), ('skip_connect', 2), ('max_pool_3x3', 0), ('skip_connect', 2)], reduce_concat=range(2, 6))
2020-04-22 12:59:38,115 genotype_all = Genotype(normal=[('sep_conv_3x3', 0), ('conv_3x1_1x3', 1), ('sep_conv_3x3', 0), ('dil_conv_3x3', 1), ('conv_3x3', 2), ('dil_conv_3x3', 0), ('dil_conv_3x3', 1), ('dil_conv_5x5', 2), ('sep_conv_3x3', 3), ('conv_3x1_1x3', 0), ('dil_conv_3x3', 1), ('sep_conv_3x3', 2), ('conv_3x3', 3), ('dil_conv_5x5', 4)], normal_concat=range(2, 6), reduce=[('max_pool_3x3', 0), ('max_pool_3x3', 1), ('max_pool_3x3', 0), ('max_pool_3x3', 1), ('skip_connect', 2), ('max_pool_3x3', 0), ('max_pool_3x3', 1), ('skip_connect', 2), ('skip_connect', 3), ('max_pool_3x3', 0), ('max_pool_3x3', 1), ('skip_connect', 2), ('skip_connect', 3), ('none', 4)], reduce_concat=range(2, 6))
2020-04-22 12:59:38,115 Variable containing:
 0.1663  0.1675  0.1675  0.1668  0.1656  0.1663
 0.1660  0.1673  0.1668  0.1668  0.1666  0.1666
 0.1671  0.1672  0.1673  0.1653  0.1660  0.1671
 0.1670  0.1673  0.1672  0.1654  0.1677  0.1655
 0.1677  0.1676  0.1660  0.1659  0.1665  0.1663
 0.1669  0.1673  0.1656  0.1665  0.1673  0.1664
 0.1675  0.1663  0.1664  0.1667  0.1679  0.1653
 0.1667  0.1666  0.1665  0.1666  0.1665  0.1670
 0.1665  0.1666  0.1673  0.1663  0.1663  0.1669
 0.1670  0.1673  0.1667  0.1665  0.1672  0.1653
 0.1665  0.1668  0.1664  0.1667  0.1677  0.1659
 0.1672  0.1664  0.1675  0.1664  0.1659  0.1666
 0.1674  0.1668  0.1661  0.1670  0.1662  0.1665
 0.1668  0.1663  0.1656  0.1673  0.1663  0.1678
[torch.cuda.FloatTensor of size 14x6 (GPU 0)]

2020-04-22 12:59:38,118 Variable containing:
 0.1516  0.1504  0.1405  0.2198  0.1310  0.2068
 0.1659  0.1675  0.1384  0.2012  0.1297  0.1972
 0.1450  0.1526  0.1429  0.2222  0.1328  0.2045
 0.1600  0.1509  0.1438  0.2113  0.1334  0.2007
 0.1797  0.2227  0.1622  0.1738  0.1200  0.1417
 0.1446  0.1503  0.1443  0.2231  0.1333  0.2045
 0.1563  0.1640  0.1427  0.2050  0.1332  0.1987
 0.1764  0.2174  0.1633  0.1769  0.1216  0.1443
 0.1902  0.2119  0.1586  0.1735  0.1213  0.1445
 0.1442  0.1487  0.1448  0.2217  0.1347  0.2059
 0.1612  0.1567  0.1453  0.2041  0.1354  0.1974
 0.1844  0.2133  0.1616  0.1769  0.1204  0.1434
 0.1986  0.2062  0.1577  0.1727  0.1211  0.1437
 0.2064  0.1899  0.1615  0.1729  0.1244  0.1450
[torch.cuda.FloatTensor of size 14x6 (GPU 0)]

2020-04-22 12:59:39,718 train 000 3.623522e-01 89.062500 100.000000
2020-04-22 13:00:54,661 train 050 4.645064e-01 84.466912 99.571078
2020-04-22 13:02:10,008 train 100 4.776773e-01 83.787129 99.443069
2020-04-22 13:03:23,951 train 150 4.860771e-01 83.236755 99.441225
2020-04-22 13:04:39,136 train 200 4.774028e-01 83.535448 99.416978
2020-04-22 13:05:55,846 train 250 4.878017e-01 83.129980 99.402390
2020-04-22 13:07:11,832 train 300 4.931809e-01 82.978613 99.351121
2020-04-22 13:08:24,218 train 350 4.921892e-01 83.026175 99.341168
2020-04-22 13:09:23,462 train_acc 83.104000
2020-04-22 13:09:23,914 valid 000 4.919975e-01 84.375000 100.000000
2020-04-22 13:09:32,846 valid 050 5.362425e-01 81.924020 99.019608
2020-04-22 13:09:41,801 valid 100 5.305821e-01 81.868812 99.025371
2020-04-22 13:09:50,653 valid 150 5.534096e-01 81.218957 99.006623
2020-04-22 13:09:59,664 valid 200 5.590018e-01 81.117848 99.028296
2020-04-22 13:10:09,359 valid 250 5.635027e-01 81.013446 99.028884
2020-04-22 13:10:18,575 valid 300 5.596100e-01 81.120224 98.992940
2020-04-22 13:10:27,699 valid 350 5.571964e-01 81.116453 99.020655
2020-04-22 13:10:34,602 valid_acc 81.104000
2020-04-22 13:10:34,739 epoch 9 lr 2.313194e-02
2020-04-22 13:10:34,740 genotype = Genotype(normal=[('sep_conv_3x3', 0), ('dil_conv_3x3', 1), ('sep_conv_3x3', 0), ('conv_3x1_1x3', 1), ('dil_conv_3x3', 0), ('sep_conv_3x3', 3), ('dil_conv_3x3', 1), ('sep_conv_3x3', 3)], normal_concat=range(2, 6), reduce=[('max_pool_3x3', 0), ('max_pool_3x3', 1), ('max_pool_3x3', 0), ('skip_connect', 2), ('max_pool_3x3', 0), ('skip_connect', 2), ('max_pool_3x3', 0), ('skip_connect', 2)], reduce_concat=range(2, 6))
2020-04-22 13:10:34,741 genotype_all = Genotype(normal=[('sep_conv_3x3', 0), ('dil_conv_3x3', 1), ('sep_conv_3x3', 0), ('conv_3x1_1x3', 1), ('conv_3x3', 2), ('dil_conv_3x3', 0), ('conv_3x3', 1), ('dil_conv_5x5', 2), ('sep_conv_3x3', 3), ('sep_conv_3x3', 0), ('dil_conv_3x3', 1), ('sep_conv_3x3', 2), ('sep_conv_3x3', 3), ('sep_conv_5x5', 4)], normal_concat=range(2, 6), reduce=[('max_pool_3x3', 0), ('max_pool_3x3', 1), ('max_pool_3x3', 0), ('max_pool_3x3', 1), ('skip_connect', 2), ('max_pool_3x3', 0), ('max_pool_3x3', 1), ('skip_connect', 2), ('skip_connect', 3), ('max_pool_3x3', 0), ('max_pool_3x3', 1), ('skip_connect', 2), ('skip_connect', 3), ('none', 4)], reduce_concat=range(2, 6))
2020-04-22 13:10:34,741 Variable containing:
 0.1664  0.1672  0.1678  0.1647  0.1671  0.1668
 0.1665  0.1667  0.1672  0.1670  0.1672  0.1655
 0.1668  0.1662  0.1688  0.1660  0.1658  0.1664
 0.1675  0.1676  0.1668  0.1663  0.1659  0.1659
 0.1676  0.1676  0.1655  0.1668  0.1662  0.1662
 0.1669  0.1667  0.1674  0.1658  0.1676  0.1656
 0.1674  0.1669  0.1667  0.1661  0.1672  0.1657
 0.1664  0.1669  0.1669  0.1662  0.1663  0.1673
 0.1664  0.1668  0.1675  0.1667  0.1656  0.1671
 0.1667  0.1669  0.1672  0.1667  0.1669  0.1657
 0.1667  0.1666  0.1667  0.1661  0.1680  0.1659
 0.1663  0.1665  0.1671  0.1668  0.1670  0.1663
 0.1674  0.1667  0.1678  0.1660  0.1656  0.1665
 0.1667  0.1667  0.1660  0.1673  0.1666  0.1667
[torch.cuda.FloatTensor of size 14x6 (GPU 0)]

2020-04-22 13:10:34,744 Variable containing:
 0.1486  0.1475  0.1382  0.2273  0.1272  0.2111
 0.1666  0.1663  0.1370  0.2045  0.1268  0.1988
 0.1413  0.1515  0.1411  0.2297  0.1291  0.2073
 0.1607  0.1487  0.1431  0.2145  0.1312  0.2019
 0.1819  0.2293  0.1617  0.1718  0.1170  0.1383
 0.1410  0.1478  0.1430  0.2305  0.1304  0.2073
 0.1567  0.1648  0.1419  0.2065  0.1309  0.1992
 0.1780  0.2235  0.1630  0.1753  0.1189  0.1412
 0.1928  0.2179  0.1579  0.1712  0.1188  0.1413
 0.1409  0.1466  0.1438  0.2284  0.1321  0.2082
 0.1621  0.1557  0.1451  0.2054  0.1339  0.1978
 0.1865  0.2189  0.1608  0.1752  0.1178  0.1408
 0.2019  0.2110  0.1567  0.1706  0.1187  0.1411
 0.2109  0.1924  0.1604  0.1714  0.1222  0.1427
[torch.cuda.FloatTensor of size 14x6 (GPU 0)]

2020-04-22 13:10:36,269 train 000 5.008373e-01 84.375000 98.437500
2020-04-22 13:11:49,539 train 050 4.325128e-01 84.497549 99.479167
2020-04-22 13:13:05,518 train 100 4.482647e-01 83.957302 99.458540
2020-04-22 13:14:20,059 train 150 4.520109e-01 83.867964 99.410182
2020-04-22 13:15:33,675 train 200 4.478373e-01 84.110697 99.393657
2020-04-22 13:16:47,730 train 250 4.494408e-01 84.032620 99.352590
2020-04-22 13:18:03,812 train 300 4.523108e-01 84.011628 99.366694
2020-04-22 13:19:19,030 train 350 4.537566e-01 84.005520 99.381232
2020-04-22 13:20:18,576 train_acc 83.976000
2020-04-22 13:20:19,003 valid 000 8.209457e-01 71.875000 96.875000
2020-04-22 13:20:28,084 valid 050 5.740860e-01 80.759804 99.080882
2020-04-22 13:20:37,373 valid 100 5.667308e-01 81.064356 99.056312
2020-04-22 13:20:46,744 valid 150 5.752042e-01 80.618791 99.068709
2020-04-22 13:20:55,865 valid 200 5.754935e-01 80.612562 99.043843
2020-04-22 13:21:05,283 valid 250 5.809450e-01 80.415837 98.966633
2020-04-22 13:21:13,893 valid 300 5.834036e-01 80.284468 98.946221
2020-04-22 13:21:23,148 valid 350 5.838293e-01 80.306268 98.869302
2020-04-22 13:21:29,982 valid_acc 80.460000
2020-04-22 13:21:30,121 epoch 10 lr 2.270820e-02
2020-04-22 13:21:30,122 genotype = Genotype(normal=[('sep_conv_3x3', 1), ('sep_conv_3x3', 0), ('sep_conv_3x3', 0), ('conv_3x1_1x3', 2), ('dil_conv_3x3', 1), ('sep_conv_3x3', 3), ('sep_conv_3x3', 3), ('dil_conv_3x3', 0)], normal_concat=range(2, 6), reduce=[('max_pool_3x3', 0), ('max_pool_3x3', 1), ('skip_connect', 2), ('max_pool_3x3', 0), ('max_pool_3x3', 0), ('skip_connect', 2), ('max_pool_3x3', 0), ('skip_connect', 2)], reduce_concat=range(2, 6))
