2020-04-21 21:30:05,611 gpu device = 2
2020-04-21 21:30:05,611 args = Namespace(arch_learning_rate=0.0003, arch_weight_decay=0.001, batch_size=64, cutout=False, cutout_length=16, data='./data', drop_path_prob=0.3, epochs=50, gpu=2, grad_clip=5, init_channels=16, layers=8, learning_rate=0.025, learning_rate_min=0.001, model_path='saved_models', momentum=0.9, report_freq=50, save='n=1-search-EXP-20200421-213005', seed=2, train_portion=0.5, unrolled=False, weight_decay=0.0003)
2020-04-21 21:30:07,673 param size = 3.621370MB
2020-04-21 21:30:08,801 epoch 0 lr 2.500000e-02
2020-04-21 21:30:08,802 genotype = Genotype(normal=[('sep_conv_3x3', 1), ('dil_conv_5x5', 0), ('sep_conv_3x3', 0), ('conv_3x1_1x3', 2), ('dil_conv_3x3', 1), ('sep_conv_3x3', 2), ('conv_3x1_1x3', 3), ('sep_conv_5x5', 2)], normal_concat=range(2, 6), reduce=[('max_pool_5x5', 0), ('avg_pool_3x3', 1), ('skip_connect', 1), ('max_pool_5x5', 0), ('max_pool_3x3', 0), ('avg_pool_3x3', 1), ('max_pool_3x3', 0), ('avg_pool_5x5', 4)], reduce_concat=range(2, 6))
2020-04-21 21:30:08,803 genotype_all = Genotype(normal=[('dil_conv_5x5', 0), ('sep_conv_3x3', 1), ('sep_conv_3x3', 0), ('conv_3x3', 1), ('conv_3x1_1x3', 2), ('sep_conv_5x5', 0), ('dil_conv_3x3', 1), ('sep_conv_3x3', 2), ('dil_conv_3x3', 3), ('dil_conv_3x3', 0), ('sep_conv_3x3', 1), ('sep_conv_5x5', 2), ('conv_3x1_1x3', 3), ('dil_conv_5x5', 4)], normal_concat=range(2, 6), reduce=[('max_pool_5x5', 0), ('avg_pool_3x3', 1), ('max_pool_5x5', 0), ('skip_connect', 1), ('none', 2), ('max_pool_3x3', 0), ('avg_pool_3x3', 1), ('avg_pool_3x3', 2), ('max_pool_5x5', 3), ('max_pool_3x3', 0), ('avg_pool_3x3', 1), ('skip_connect', 2), ('avg_pool_3x3', 3), ('avg_pool_5x5', 4)], reduce_concat=range(2, 6))
2020-04-21 21:30:08,803 Variable containing:
 0.1667  0.1664  0.1668  0.1666  0.1666  0.1668
 0.1666  0.1665  0.1669  0.1666  0.1667  0.1667
 0.1668  0.1666  0.1670  0.1666  0.1666  0.1664
 0.1669  0.1668  0.1663  0.1668  0.1666  0.1666
 0.1666  0.1669  0.1667  0.1664  0.1667  0.1666
 0.1666  0.1666  0.1667  0.1668  0.1667  0.1666
 0.1664  0.1666  0.1666  0.1667  0.1670  0.1668
 0.1664  0.1668  0.1669  0.1668  0.1664  0.1665
 0.1666  0.1667  0.1666  0.1667  0.1668  0.1666
 0.1668  0.1665  0.1665  0.1667  0.1668  0.1666
 0.1666  0.1667  0.1669  0.1668  0.1664  0.1668
 0.1664  0.1668  0.1665  0.1670  0.1666  0.1667
 0.1667  0.1670  0.1665  0.1667  0.1666  0.1664
 0.1665  0.1665  0.1667  0.1667  0.1666  0.1669
[torch.cuda.FloatTensor of size 14x6 (GPU 2)]

2020-04-21 21:30:08,806 Variable containing:
 0.1668  0.1667  0.1663  0.1665  0.1669  0.1669
 0.1665  0.1666  0.1669  0.1666  0.1668  0.1665
 0.1669  0.1665  0.1664  0.1666  0.1667  0.1669
 0.1669  0.1670  0.1664  0.1665  0.1665  0.1666
 0.1669  0.1666  0.1665  0.1666  0.1667  0.1666
 0.1667  0.1667  0.1666  0.1669  0.1665  0.1665
 0.1664  0.1668  0.1668  0.1667  0.1665  0.1667
 0.1665  0.1667  0.1668  0.1666  0.1667  0.1666
 0.1667  0.1666  0.1668  0.1665  0.1666  0.1668
 0.1666  0.1666  0.1664  0.1669  0.1667  0.1668
 0.1666  0.1666  0.1668  0.1666  0.1666  0.1667
 0.1668  0.1668  0.1665  0.1667  0.1666  0.1667
 0.1666  0.1667  0.1668  0.1664  0.1667  0.1667
 0.1666  0.1666  0.1666  0.1668  0.1669  0.1667
[torch.cuda.FloatTensor of size 14x6 (GPU 2)]

2020-04-21 21:30:13,148 train 000 2.296927e+00 7.812500 54.687500
2020-04-21 21:31:24,376 train 050 1.996402e+00 25.122549 78.370098
2020-04-21 21:32:36,360 train 100 1.906454e+00 28.681931 81.946163
2020-04-21 21:33:48,927 train 150 1.842554e+00 31.260348 83.919702
2020-04-21 21:35:01,568 train 200 1.786816e+00 33.348881 85.307836
2020-04-21 21:36:13,014 train 250 1.737759e+00 35.383466 86.528884
2020-04-21 21:37:25,810 train 300 1.698417e+00 37.162583 87.349460
2020-04-21 21:38:37,664 train 350 1.653711e+00 38.862179 88.212251
2020-04-21 21:39:38,032 train_acc 40.148000
2020-04-21 21:39:38,402 valid 000 1.376586e+00 45.312500 98.437500
2020-04-21 21:39:47,432 valid 050 1.439490e+00 46.844363 92.616422
2020-04-21 21:39:56,338 valid 100 1.427021e+00 47.633045 92.821782
2020-04-21 21:40:05,572 valid 150 1.431176e+00 47.123344 92.777318
2020-04-21 21:40:14,456 valid 200 1.429405e+00 47.481343 92.692786
2020-04-21 21:40:23,196 valid 250 1.421213e+00 47.864791 92.797560
2020-04-21 21:40:31,976 valid 300 1.423459e+00 47.689992 92.716985
2020-04-21 21:40:41,550 valid 350 1.422153e+00 47.814281 92.748397
2020-04-21 21:40:50,135 valid_acc 47.784000
2020-04-21 21:40:50,288 epoch 1 lr 2.497632e-02
2020-04-21 21:40:50,289 genotype = Genotype(normal=[('dil_conv_3x3', 1), ('conv_3x1_1x3', 0), ('conv_3x1_1x3', 1), ('dil_conv_3x3', 2), ('dil_conv_3x3', 3), ('dil_conv_5x5', 1), ('dil_conv_5x5', 2), ('dil_conv_5x5', 4)], normal_concat=range(2, 6), reduce=[('max_pool_3x3', 0), ('skip_connect', 1), ('max_pool_3x3', 0), ('skip_connect', 2), ('max_pool_3x3', 0), ('max_pool_3x3', 2), ('max_pool_3x3', 0), ('max_pool_3x3', 2)], reduce_concat=range(2, 6))
2020-04-21 21:40:50,290 genotype_all = Genotype(normal=[('conv_3x1_1x3', 0), ('dil_conv_3x3', 1), ('dil_conv_3x3', 0), ('conv_3x1_1x3', 1), ('dil_conv_3x3', 2), ('sep_conv_3x3', 0), ('dil_conv_5x5', 1), ('sep_conv_3x3', 2), ('dil_conv_3x3', 3), ('sep_conv_5x5', 0), ('dil_conv_3x3', 1), ('dil_conv_5x5', 2), ('dil_conv_3x3', 3), ('dil_conv_5x5', 4)], normal_concat=range(2, 6), reduce=[('max_pool_3x3', 0), ('skip_connect', 1), ('max_pool_3x3', 0), ('max_pool_5x5', 1), ('skip_connect', 2), ('max_pool_3x3', 0), ('max_pool_5x5', 1), ('max_pool_3x3', 2), ('skip_connect', 3), ('max_pool_3x3', 0), ('max_pool_5x5', 1), ('max_pool_3x3', 2), ('skip_connect', 3), ('max_pool_3x3', 4)], reduce_concat=range(2, 6))
2020-04-21 21:40:50,290 Variable containing:
 0.1665  0.1672  0.1658  0.1668  0.1670  0.1667
 0.1672  0.1665  0.1655  0.1654  0.1682  0.1673
 0.1669  0.1666  0.1666  0.1665  0.1675  0.1659
 0.1669  0.1677  0.1658  0.1668  0.1655  0.1672
 0.1661  0.1659  0.1661  0.1667  0.1676  0.1676
 0.1667  0.1662  0.1671  0.1666  0.1668  0.1667
 0.1671  0.1663  0.1668  0.1660  0.1664  0.1674
 0.1663  0.1666  0.1671  0.1667  0.1667  0.1665
 0.1665  0.1672  0.1659  0.1665  0.1675  0.1664
 0.1666  0.1673  0.1664  0.1673  0.1664  0.1660
 0.1672  0.1662  0.1665  0.1659  0.1678  0.1664
 0.1663  0.1663  0.1665  0.1662  0.1666  0.1681
 0.1665  0.1667  0.1662  0.1665  0.1672  0.1669
 0.1665  0.1666  0.1665  0.1661  0.1664  0.1680
[torch.cuda.FloatTensor of size 14x6 (GPU 2)]

2020-04-21 21:40:50,293 Variable containing:
 0.1629  0.1634  0.1633  0.1750  0.1615  0.1739
 0.1688  0.1715  0.1609  0.1700  0.1589  0.1699
 0.1629  0.1644  0.1631  0.1751  0.1609  0.1737
 0.1691  0.1694  0.1614  0.1703  0.1594  0.1705
 0.1696  0.1733  0.1640  0.1725  0.1553  0.1652
 0.1612  0.1636  0.1643  0.1754  0.1617  0.1739
 0.1662  0.1665  0.1625  0.1723  0.1601  0.1724
 0.1648  0.1734  0.1656  0.1746  0.1559  0.1658
 0.1675  0.1736  0.1655  0.1731  0.1557  0.1647
 0.1617  0.1637  0.1645  0.1748  0.1622  0.1731
 0.1682  0.1668  0.1626  0.1710  0.1604  0.1711
 0.1685  0.1729  0.1660  0.1733  0.1549  0.1643
 0.1708  0.1723  0.1667  0.1717  0.1553  0.1632
 0.1719  0.1691  0.1678  0.1721  0.1561  0.1630
[torch.cuda.FloatTensor of size 14x6 (GPU 2)]

2020-04-21 21:40:52,750 train 000 1.301044e+00 45.312500 90.625000
2020-04-21 21:42:04,738 train 050 1.302700e+00 53.094363 93.566176
2020-04-21 21:43:16,920 train 100 1.296725e+00 52.800124 94.074876
2020-04-21 21:44:28,857 train 150 1.281983e+00 53.321606 94.370861
2020-04-21 21:45:40,251 train 200 1.264722e+00 53.941231 94.441853
2020-04-21 21:46:51,894 train 250 1.238419e+00 54.874253 94.702440
2020-04-21 21:48:03,541 train 300 1.225396e+00 55.606312 94.834925
2020-04-21 21:49:15,453 train 350 1.208385e+00 56.258903 95.000890
2020-04-21 21:50:13,286 train_acc 56.804000
2020-04-21 21:50:13,597 valid 000 1.102759e+00 53.125000 100.000000
2020-04-21 21:50:22,642 valid 050 1.148259e+00 58.394608 96.292892
2020-04-21 21:50:31,607 valid 100 1.170202e+00 58.353960 95.931312
2020-04-21 21:50:40,693 valid 150 1.151216e+00 59.188742 95.871275
2020-04-21 21:50:50,528 valid 200 1.152536e+00 59.079602 95.817786
2020-04-21 21:50:59,441 valid 250 1.159822e+00 58.951693 95.717131
2020-04-21 21:51:08,920 valid 300 1.162493e+00 58.674211 95.644726
2020-04-21 21:51:17,969 valid 350 1.167339e+00 58.506944 95.695335
2020-04-21 21:51:24,965 valid_acc 58.464000
2020-04-21 21:51:25,105 epoch 2 lr 2.490538e-02
2020-04-21 21:51:25,106 genotype = Genotype(normal=[('dil_conv_3x3', 1), ('conv_3x3', 0), ('dil_conv_3x3', 0), ('sep_conv_3x3', 2), ('dil_conv_3x3', 0), ('dil_conv_3x3', 1), ('dil_conv_3x3', 2), ('dil_conv_5x5', 3)], normal_concat=range(2, 6), reduce=[('max_pool_3x3', 0), ('max_pool_5x5', 1), ('max_pool_3x3', 0), ('max_pool_3x3', 2), ('max_pool_3x3', 0), ('max_pool_3x3', 2), ('max_pool_3x3', 0), ('max_pool_3x3', 2)], reduce_concat=range(2, 6))
2020-04-21 21:51:25,107 genotype_all = Genotype(normal=[('conv_3x3', 0), ('dil_conv_3x3', 1), ('dil_conv_3x3', 0), ('sep_conv_5x5', 1), ('sep_conv_3x3', 2), ('dil_conv_3x3', 0), ('dil_conv_3x3', 1), ('dil_conv_3x3', 2), ('conv_3x1_1x3', 3), ('conv_3x1_1x3', 0), ('dil_conv_5x5', 1), ('dil_conv_3x3', 2), ('dil_conv_5x5', 3), ('dil_conv_5x5', 4)], normal_concat=range(2, 6), reduce=[('max_pool_3x3', 0), ('max_pool_5x5', 1), ('max_pool_3x3', 0), ('max_pool_5x5', 1), ('max_pool_3x3', 2), ('max_pool_3x3', 0), ('max_pool_3x3', 1), ('max_pool_3x3', 2), ('skip_connect', 3), ('max_pool_3x3', 0), ('max_pool_3x3', 1), ('max_pool_3x3', 2), ('max_pool_3x3', 3), ('max_pool_3x3', 4)], reduce_concat=range(2, 6))
2020-04-21 21:51:25,107 Variable containing:
 0.1678  0.1671  0.1658  0.1665  0.1663  0.1665
 0.1673  0.1657  0.1662  0.1652  0.1683  0.1674
 0.1669  0.1671  0.1668  0.1661  0.1679  0.1652
 0.1668  0.1670  0.1667  0.1673  0.1665  0.1657
 0.1662  0.1666  0.1678  0.1661  0.1663  0.1671
 0.1670  0.1673  0.1660  0.1660  0.1681  0.1656
 0.1665  0.1667  0.1660  0.1664  0.1677  0.1666
 0.1664  0.1669  0.1658  0.1671  0.1672  0.1665
 0.1669  0.1673  0.1665  0.1662  0.1663  0.1668
 0.1665  0.1669  0.1667  0.1666  0.1665  0.1668
 0.1663  0.1670  0.1663  0.1668  0.1666  0.1671
 0.1670  0.1662  0.1667  0.1661  0.1676  0.1664
 0.1666  0.1668  0.1671  0.1657  0.1663  0.1676
 0.1665  0.1665  0.1664  0.1666  0.1668  0.1673
[torch.cuda.FloatTensor of size 14x6 (GPU 2)]

2020-04-21 21:51:25,110 Variable containing:
 0.1604  0.1609  0.1570  0.1844  0.1534  0.1840
 0.1700  0.1727  0.1575  0.1727  0.1541  0.1730
 0.1600  0.1636  0.1562  0.1842  0.1525  0.1835
 0.1695  0.1705  0.1585  0.1732  0.1548  0.1734
 0.1721  0.1785  0.1595  0.1788  0.1452  0.1658
 0.1578  0.1592  0.1591  0.1854  0.1545  0.1839
 0.1660  0.1680  0.1601  0.1751  0.1559  0.1750
 0.1649  0.1785  0.1626  0.1808  0.1467  0.1664
 0.1688  0.1794  0.1624  0.1784  0.1469  0.1641
 0.1593  0.1603  0.1592  0.1838  0.1547  0.1827
 0.1680  0.1672  0.1604  0.1747  0.1559  0.1738
 0.1706  0.1771  0.1625  0.1796  0.1455  0.1647
 0.1739  0.1766  0.1631  0.1773  0.1463  0.1628
 0.1764  0.1713  0.1646  0.1775  0.1475  0.1626
[torch.cuda.FloatTensor of size 14x6 (GPU 2)]

2020-04-21 21:51:26,685 train 000 1.306515e+00 57.812500 96.875000
2020-04-21 21:52:38,639 train 050 1.068915e+00 62.071078 96.568627
2020-04-21 21:53:49,895 train 100 1.040467e+00 62.809406 96.751238
2020-04-21 21:55:02,196 train 150 1.022970e+00 63.483030 96.781871
2020-04-21 21:56:15,859 train 200 1.019205e+00 63.619403 96.836132
2020-04-21 21:57:27,522 train 250 1.009111e+00 64.118526 96.856325
2020-04-21 21:58:40,540 train 300 9.971654e-01 64.514120 96.952865
2020-04-21 21:59:52,720 train 350 9.870449e-01 64.797009 97.048611
2020-04-21 22:00:50,391 train_acc 65.236000
2020-04-21 22:00:50,718 valid 000 9.603296e-01 59.375000 96.875000
2020-04-21 22:00:59,495 valid 050 8.971046e-01 68.321078 98.008578
2020-04-21 22:01:08,634 valid 100 9.101743e-01 67.249381 97.710396
2020-04-21 22:01:17,771 valid 150 9.147699e-01 67.032285 97.754553
2020-04-21 22:01:26,806 valid 200 9.229752e-01 66.938744 97.800062
2020-04-21 22:01:36,092 valid 250 9.259416e-01 66.826444 97.752739
2020-04-21 22:01:45,153 valid 300 9.230333e-01 66.725498 97.762666
2020-04-21 22:01:54,010 valid 350 9.225509e-01 66.764601 97.783120
2020-04-21 22:02:01,052 valid_acc 66.860000
2020-04-21 22:02:01,197 epoch 3 lr 2.478745e-02
2020-04-21 22:02:01,198 genotype = Genotype(normal=[('sep_conv_3x3', 1), ('conv_3x3', 0), ('dil_conv_3x3', 0), ('sep_conv_3x3', 2), ('dil_conv_3x3', 3), ('sep_conv_3x3', 1), ('dil_conv_5x5', 4), ('sep_conv_5x5', 0)], normal_concat=range(2, 6), reduce=[('max_pool_3x3', 0), ('max_pool_5x5', 1), ('max_pool_3x3', 0), ('skip_connect', 2), ('max_pool_3x3', 0), ('max_pool_3x3', 2), ('max_pool_3x3', 0), ('max_pool_3x3', 2)], reduce_concat=range(2, 6))
2020-04-21 22:02:01,198 genotype_all = Genotype(normal=[('conv_3x3', 0), ('sep_conv_3x3', 1), ('dil_conv_3x3', 0), ('dil_conv_3x3', 1), ('sep_conv_3x3', 2), ('dil_conv_3x3', 0), ('sep_conv_3x3', 1), ('dil_conv_3x3', 2), ('dil_conv_3x3', 3), ('sep_conv_5x5', 0), ('sep_conv_3x3', 1), ('dil_conv_3x3', 2), ('sep_conv_3x3', 3), ('dil_conv_5x5', 4)], normal_concat=range(2, 6), reduce=[('max_pool_3x3', 0), ('max_pool_5x5', 1), ('max_pool_3x3', 0), ('max_pool_5x5', 1), ('skip_connect', 2), ('max_pool_3x3', 0), ('max_pool_5x5', 1), ('max_pool_3x3', 2), ('skip_connect', 3), ('max_pool_3x3', 0), ('max_pool_5x5', 1), ('max_pool_3x3', 2), ('max_pool_3x3', 3), ('max_pool_3x3', 4)], reduce_concat=range(2, 6))
2020-04-21 22:02:01,199 Variable containing:
 0.1672  0.1663  0.1670  0.1669  0.1662  0.1664
 0.1670  0.1671  0.1675  0.1652  0.1663  0.1669
 0.1665  0.1667  0.1664  0.1658  0.1681  0.1665
 0.1668  0.1667  0.1666  0.1667  0.1670  0.1662
 0.1666  0.1666  0.1675  0.1664  0.1662  0.1667
 0.1669  0.1669  0.1668  0.1661  0.1670  0.1663
 0.1667  0.1668  0.1671  0.1666  0.1665  0.1662
 0.1665  0.1664  0.1667  0.1668  0.1668  0.1667
 0.1662  0.1672  0.1665  0.1657  0.1677  0.1668
 0.1671  0.1667  0.1663  0.1672  0.1661  0.1667
 0.1668  0.1668  0.1671  0.1664  0.1663  0.1666
 0.1667  0.1667  0.1668  0.1662  0.1670  0.1666
 0.1664  0.1670  0.1671  0.1667  0.1667  0.1662
 0.1668  0.1666  0.1665  0.1664  0.1666  0.1672
[torch.cuda.FloatTensor of size 14x6 (GPU 2)]

2020-04-21 22:02:01,202 Variable containing:
 0.1560  0.1600  0.1508  0.1937  0.1469  0.1926
 0.1737  0.1747  0.1530  0.1747  0.1484  0.1755
 0.1556  0.1597  0.1513  0.1941  0.1468  0.1925
 0.1724  0.1719  0.1549  0.1753  0.1496  0.1760
 0.1726  0.1827  0.1574  0.1826  0.1392  0.1655
 0.1534  0.1574  0.1540  0.1943  0.1485  0.1924
 0.1687  0.1698  0.1566  0.1768  0.1508  0.1773
 0.1661  0.1820  0.1608  0.1843  0.1410  0.1658
 0.1713  0.1823  0.1602  0.1815  0.1412  0.1635
 0.1554  0.1572  0.1550  0.1922  0.1491  0.1910
 0.1704  0.1705  0.1562  0.1760  0.1502  0.1767
 0.1714  0.1802  0.1605  0.1834  0.1399  0.1646
 0.1762  0.1793  0.1606  0.1806  0.1408  0.1625
 0.1793  0.1729  0.1622  0.1806  0.1423  0.1626
[torch.cuda.FloatTensor of size 14x6 (GPU 2)]

2020-04-21 22:02:02,742 train 000 9.717043e-01 62.500000 98.437500
2020-04-21 22:03:14,814 train 050 8.164270e-01 70.649510 98.223039
2020-04-21 22:04:26,533 train 100 8.347481e-01 70.188738 98.112624
2020-04-21 22:05:38,489 train 150 8.303268e-01 70.581540 98.147765
2020-04-21 22:06:52,057 train 200 8.340636e-01 70.467973 98.025498
2020-04-21 22:08:03,731 train 250 8.275825e-01 70.723357 98.026643
2020-04-21 22:09:16,204 train 300 8.299774e-01 70.587625 98.022218
2020-04-21 22:10:28,090 train 350 8.233768e-01 70.855591 98.041311
2020-04-21 22:11:24,863 train_acc 71.036000
2020-04-21 22:11:25,195 valid 000 7.615746e-01 75.000000 96.875000
2020-04-21 22:11:34,152 valid 050 8.082915e-01 71.384804 97.947304
2020-04-21 22:11:43,050 valid 100 7.970422e-01 72.168936 97.926980
2020-04-21 22:11:52,251 valid 150 7.921645e-01 72.247517 98.002897
2020-04-21 22:12:01,564 valid 200 7.895740e-01 72.403607 97.908893
2020-04-21 22:12:10,593 valid 250 7.878376e-01 72.416584 97.939492
2020-04-21 22:12:19,693 valid 300 7.817993e-01 72.731520 97.980689
2020-04-21 22:12:30,026 valid 350 7.858631e-01 72.649573 97.961182
2020-04-21 22:12:37,376 valid_acc 72.544000
2020-04-21 22:12:37,532 epoch 4 lr 2.462300e-02
2020-04-21 22:12:37,533 genotype = Genotype(normal=[('dil_conv_5x5', 1), ('dil_conv_5x5', 0), ('dil_conv_3x3', 0), ('dil_conv_3x3', 2), ('dil_conv_3x3', 3), ('dil_conv_5x5', 1), ('sep_conv_3x3', 3), ('dil_conv_5x5', 1)], normal_concat=range(2, 6), reduce=[('max_pool_3x3', 0), ('max_pool_3x3', 1), ('max_pool_3x3', 0), ('skip_connect', 2), ('max_pool_3x3', 0), ('max_pool_3x3', 2), ('max_pool_3x3', 0), ('max_pool_3x3', 2)], reduce_concat=range(2, 6))
2020-04-21 22:12:37,533 genotype_all = Genotype(normal=[('dil_conv_5x5', 0), ('dil_conv_5x5', 1), ('dil_conv_3x3', 0), ('dil_conv_3x3', 1), ('dil_conv_3x3', 2), ('dil_conv_3x3', 0), ('dil_conv_5x5', 1), ('conv_3x1_1x3', 2), ('dil_conv_3x3', 3), ('sep_conv_3x3', 0), ('dil_conv_5x5', 1), ('dil_conv_3x3', 2), ('sep_conv_3x3', 3), ('conv_3x3', 4)], normal_concat=range(2, 6), reduce=[('max_pool_3x3', 0), ('max_pool_3x3', 1), ('max_pool_3x3', 0), ('max_pool_3x3', 1), ('skip_connect', 2), ('max_pool_3x3', 0), ('max_pool_3x3', 1), ('max_pool_3x3', 2), ('skip_connect', 3), ('max_pool_3x3', 0), ('max_pool_3x3', 1), ('max_pool_3x3', 2), ('skip_connect', 3), ('none', 4)], reduce_concat=range(2, 6))
2020-04-21 22:12:37,534 Variable containing:
 0.1671  0.1668  0.1662  0.1664  0.1663  0.1672
 0.1666  0.1662  0.1666  0.1651  0.1677  0.1680
 0.1667  0.1665  0.1664  0.1666  0.1678  0.1660
 0.1662  0.1664  0.1667  0.1665  0.1673  0.1669
 0.1666  0.1674  0.1664  0.1655  0.1674  0.1667
 0.1670  0.1672  0.1664  0.1663  0.1674  0.1658
 0.1671  0.1670  0.1657  0.1662  0.1665  0.1674
 0.1668  0.1670  0.1661  0.1666  0.1666  0.1669
 0.1664  0.1668  0.1662  0.1664  0.1674  0.1667
 0.1667  0.1664  0.1672  0.1666  0.1671  0.1661
 0.1670  0.1668  0.1665  0.1666  0.1657  0.1675
 0.1664  0.1663  0.1670  0.1662  0.1672  0.1669
 0.1660  0.1663  0.1677  0.1666  0.1666  0.1669
 0.1672  0.1668  0.1666  0.1660  0.1666  0.1668
[torch.cuda.FloatTensor of size 14x6 (GPU 2)]

2020-04-21 22:12:37,537 Variable containing:
 0.1518  0.1583  0.1458  0.2020  0.1416  0.2005
 0.1766  0.1755  0.1492  0.1779  0.1430  0.1778
 0.1512  0.1565  0.1475  0.2024  0.1423  0.2000
 0.1735  0.1735  0.1522  0.1789  0.1446  0.1774
 0.1754  0.1890  0.1539  0.1868  0.1311  0.1638
 0.1489  0.1546  0.1499  0.2025  0.1440  0.2000
 0.1689  0.1702  0.1544  0.1808  0.1463  0.1795
 0.1676  0.1878  0.1588  0.1886  0.1333  0.1639
 0.1743  0.1885  0.1581  0.1842  0.1338  0.1611
 0.1512  0.1538  0.1510  0.2008  0.1445  0.1987
 0.1704  0.1723  0.1535  0.1799  0.1451  0.1788
 0.1738  0.1854  0.1580  0.1880  0.1320  0.1628
 0.1800  0.1845  0.1580  0.1838  0.1332  0.1605
 0.1842  0.1763  0.1604  0.1833  0.1352  0.1605
[torch.cuda.FloatTensor of size 14x6 (GPU 2)]

2020-04-21 22:12:39,079 train 000 5.854144e-01 81.250000 96.875000
2020-04-21 22:13:50,045 train 050 6.771973e-01 75.827206 98.621324
2020-04-21 22:15:02,273 train 100 7.254239e-01 74.056312 98.267327
2020-04-21 22:16:15,752 train 150 7.243046e-01 74.254967 98.344371
2020-04-21 22:17:28,671 train 200 7.303341e-01 74.098259 98.421953
2020-04-21 22:18:41,346 train 250 7.291941e-01 74.066235 98.512201
2020-04-21 22:19:53,357 train 300 7.240599e-01 74.340739 98.447882
2020-04-21 22:21:05,811 train 350 7.233455e-01 74.608262 98.384081
2020-04-21 22:22:03,653 train_acc 74.756000
2020-04-21 22:22:03,971 valid 000 7.078208e-01 79.687500 98.437500
2020-04-21 22:22:12,785 valid 050 7.343496e-01 75.275735 98.223039
2020-04-21 22:22:22,206 valid 100 7.292753e-01 75.092822 98.220916
2020-04-21 22:22:32,589 valid 150 7.317147e-01 75.051738 98.271937
2020-04-21 22:22:41,474 valid 200 7.238426e-01 75.334266 98.305348
2020-04-21 22:22:50,531 valid 250 7.312445e-01 75.149402 98.281873
2020-04-21 22:22:59,530 valid 300 7.326097e-01 75.000000 98.375208
2020-04-21 22:23:08,439 valid 350 7.316047e-01 75.013355 98.406339
2020-04-21 22:23:15,823 valid_acc 74.944000
2020-04-21 22:23:15,965 epoch 5 lr 2.441268e-02
2020-04-21 22:23:15,966 genotype = Genotype(normal=[('dil_conv_3x3', 0), ('dil_conv_3x3', 1), ('dil_conv_3x3', 0), ('dil_conv_3x3', 2), ('dil_conv_3x3', 2), ('sep_conv_5x5', 0), ('sep_conv_3x3', 3), ('dil_conv_5x5', 2)], normal_concat=range(2, 6), reduce=[('max_pool_3x3', 0), ('max_pool_3x3', 1), ('max_pool_3x3', 0), ('skip_connect', 2), ('max_pool_3x3', 0), ('skip_connect', 3), ('max_pool_3x3', 0), ('skip_connect', 2)], reduce_concat=range(2, 6))
2020-04-21 22:23:15,967 genotype_all = Genotype(normal=[('dil_conv_3x3', 0), ('dil_conv_3x3', 1), ('dil_conv_3x3', 0), ('sep_conv_3x3', 1), ('dil_conv_3x3', 2), ('sep_conv_5x5', 0), ('conv_3x3', 1), ('dil_conv_3x3', 2), ('sep_conv_3x3', 3), ('dil_conv_5x5', 0), ('conv_3x3', 1), ('dil_conv_5x5', 2), ('sep_conv_3x3', 3), ('dil_conv_3x3', 4)], normal_concat=range(2, 6), reduce=[('max_pool_3x3', 0), ('max_pool_3x3', 1), ('max_pool_3x3', 0), ('max_pool_3x3', 1), ('skip_connect', 2), ('max_pool_3x3', 0), ('max_pool_3x3', 1), ('skip_connect', 2), ('skip_connect', 3), ('max_pool_3x3', 0), ('max_pool_3x3', 1), ('skip_connect', 2), ('skip_connect', 3), ('none', 4)], reduce_concat=range(2, 6))
2020-04-21 22:23:15,967 Variable containing:
 0.1658  0.1668  0.1673  0.1667  0.1679  0.1655
 0.1663  0.1662  0.1664  0.1663  0.1674  0.1673
 0.1661  0.1666  0.1662  0.1657  0.1677  0.1676
 0.1669  0.1668  0.1672  0.1664  0.1666  0.1661
 0.1663  0.1666  0.1666  0.1662  0.1676  0.1667
 0.1666  0.1670  0.1661  0.1673  0.1664  0.1667
 0.1671  0.1669  0.1667  0.1665  0.1660  0.1668
 0.1667  0.1667  0.1666  0.1664  0.1675  0.1661
 0.1669  0.1662  0.1672  0.1666  0.1669  0.1661
 0.1669  0.1666  0.1668  0.1664  0.1664  0.1669
 0.1673  0.1672  0.1673  0.1654  0.1670  0.1658
 0.1668  0.1668  0.1665  0.1662  0.1663  0.1674
 0.1659  0.1664  0.1680  0.1666  0.1665  0.1665
 0.1668  0.1665  0.1666  0.1660  0.1673  0.1668
[torch.cuda.FloatTensor of size 14x6 (GPU 2)]

2020-04-21 22:23:15,970 Variable containing:
 0.1487  0.1543  0.1423  0.2104  0.1367  0.2075
 0.1776  0.1754  0.1473  0.1807  0.1391  0.1799
 0.1469  0.1511  0.1454  0.2115  0.1383  0.2068
 0.1728  0.1739  0.1506  0.1826  0.1409  0.1792
 0.1770  0.1977  0.1530  0.1878  0.1250  0.1595
 0.1454  0.1519  0.1476  0.2100  0.1397  0.2054
 0.1674  0.1683  0.1539  0.1853  0.1433  0.1817
 0.1707  0.1959  0.1582  0.1890  0.1270  0.1592
 0.1794  0.1960  0.1573  0.1833  0.1278  0.1561
 0.1476  0.1490  0.1491  0.2092  0.1404  0.2046
 0.1692  0.1712  0.1527  0.1841  0.1419  0.1809
 0.1768  0.1931  0.1575  0.1886  0.1258  0.1583
 0.1851  0.1917  0.1570  0.1831  0.1273  0.1559
 0.1906  0.1808  0.1598  0.1829  0.1296  0.1563
[torch.cuda.FloatTensor of size 14x6 (GPU 2)]

2020-04-21 22:23:17,506 train 000 7.746518e-01 78.125000 98.437500
2020-04-21 22:24:29,122 train 050 6.527080e-01 76.715686 98.560049
2020-04-21 22:25:40,363 train 100 6.583029e-01 76.933787 98.607673
2020-04-21 22:26:53,094 train 150 6.504094e-01 77.431705 98.530629
2020-04-21 22:28:05,701 train 200 6.461396e-01 77.526430 98.577425
2020-04-21 22:29:17,836 train 250 6.552699e-01 77.284612 98.493526
2020-04-21 22:30:30,315 train 300 6.536522e-01 77.439784 98.567276
2020-04-21 22:31:41,906 train 350 6.472765e-01 77.715456 98.611111
2020-04-21 22:32:39,165 train_acc 77.624000
2020-04-21 22:32:39,486 valid 000 8.168247e-01 64.062500 100.000000
2020-04-21 22:32:49,515 valid 050 6.463726e-01 77.665441 98.529412
2020-04-21 22:33:00,278 valid 100 6.281656e-01 78.326114 98.669554
2020-04-21 22:33:10,079 valid 150 6.294776e-01 78.280215 98.685844
2020-04-21 22:33:19,107 valid 200 6.400490e-01 78.086132 98.577425
2020-04-21 22:33:29,200 valid 250 6.419991e-01 77.950697 98.593127
2020-04-21 22:33:38,135 valid 300 6.419493e-01 78.041944 98.572467
2020-04-21 22:33:46,896 valid 350 6.483825e-01 77.715456 98.615563
2020-04-21 22:33:53,833 valid_acc 77.788000
2020-04-21 22:33:53,972 epoch 6 lr 2.415732e-02
2020-04-21 22:33:53,973 genotype = Genotype(normal=[('conv_3x1_1x3', 0), ('conv_3x3', 1), ('dil_conv_3x3', 2), ('sep_conv_5x5', 1), ('conv_3x1_1x3', 3), ('conv_3x1_1x3', 1), ('dil_conv_3x3', 0), ('dil_conv_3x3', 4)], normal_concat=range(2, 6), reduce=[('max_pool_3x3', 0), ('max_pool_3x3', 1), ('max_pool_3x3', 0), ('skip_connect', 2), ('max_pool_3x3', 0), ('skip_connect', 2), ('max_pool_3x3', 0), ('skip_connect', 2)], reduce_concat=range(2, 6))
2020-04-21 22:33:53,974 genotype_all = Genotype(normal=[('conv_3x1_1x3', 0), ('conv_3x3', 1), ('sep_conv_5x5', 0), ('sep_conv_5x5', 1), ('dil_conv_3x3', 2), ('sep_conv_5x5', 0), ('conv_3x1_1x3', 1), ('conv_3x3', 2), ('conv_3x1_1x3', 3), ('dil_conv_3x3', 0), ('sep_conv_5x5', 1), ('sep_conv_3x3', 2), ('sep_conv_3x3', 3), ('dil_conv_3x3', 4)], normal_concat=range(2, 6), reduce=[('max_pool_3x3', 0), ('max_pool_3x3', 1), ('max_pool_3x3', 0), ('max_pool_3x3', 1), ('skip_connect', 2), ('max_pool_3x3', 0), ('max_pool_3x3', 1), ('skip_connect', 2), ('skip_connect', 3), ('max_pool_3x3', 0), ('max_pool_3x3', 1), ('skip_connect', 2), ('skip_connect', 3), ('none', 4)], reduce_concat=range(2, 6))
2020-04-21 22:33:53,974 Variable containing:
 0.1666  0.1678  0.1668  0.1662  0.1662  0.1664
 0.1671  0.1667  0.1670  0.1660  0.1668  0.1664
 0.1668  0.1668  0.1664  0.1671  0.1666  0.1664
 0.1667  0.1669  0.1671  0.1673  0.1660  0.1660
 0.1666  0.1670  0.1663  0.1660  0.1677  0.1663
 0.1667  0.1668  0.1666  0.1668  0.1668  0.1662
 0.1670  0.1673  0.1661  0.1669  0.1661  0.1665
 0.1670  0.1666  0.1663  0.1663  0.1669  0.1669
 0.1668  0.1675  0.1665  0.1661  0.1665  0.1666
 0.1666  0.1662  0.1663  0.1664  0.1676  0.1669
 0.1670  0.1667  0.1669  0.1671  0.1662  0.1662
 0.1666  0.1665  0.1670  0.1662  0.1669  0.1669
 0.1668  0.1664  0.1672  0.1666  0.1661  0.1669
 0.1667  0.1662  0.1666  0.1663  0.1672  0.1670
[torch.cuda.FloatTensor of size 14x6 (GPU 2)]

2020-04-21 22:33:53,977 Variable containing:
 0.1443  0.1491  0.1400  0.2193  0.1324  0.2148
 0.1809  0.1781  0.1437  0.1816  0.1346  0.1811
 0.1421  0.1469  0.1428  0.2197  0.1343  0.2142
 0.1748  0.1759  0.1480  0.1839  0.1372  0.1803
 0.1768  0.2029  0.1506  0.1913  0.1199  0.1584
 0.1417  0.1496  0.1451  0.2168  0.1356  0.2113
 0.1693  0.1704  0.1517  0.1860  0.1402  0.1823
 0.1734  0.2002  0.1557  0.1912  0.1221  0.1575
 0.1829  0.1998  0.1549  0.1845  0.1233  0.1546
 0.1443  0.1459  0.1463  0.2166  0.1359  0.2110
 0.1708  0.1761  0.1498  0.1838  0.1383  0.1813
 0.1794  0.1967  0.1545  0.1913  0.1209  0.1572
 0.1886  0.1949  0.1541  0.1847  0.1228  0.1549
 0.1951  0.1819  0.1577  0.1844  0.1256  0.1553
[torch.cuda.FloatTensor of size 14x6 (GPU 2)]

2020-04-21 22:33:55,496 train 000 5.637321e-01 78.125000 100.000000
2020-04-21 22:35:07,392 train 050 5.708595e-01 80.851716 99.080882
2020-04-21 22:36:18,368 train 100 5.806323e-01 80.136139 99.056312
2020-04-21 22:37:29,931 train 150 5.811673e-01 80.049669 99.048013
2020-04-21 22:38:40,610 train 200 5.779541e-01 80.317164 99.036070
2020-04-21 22:39:51,127 train 250 5.839752e-01 80.061006 98.997759
2020-04-21 22:41:02,033 train 300 5.778998e-01 80.232558 99.013704
2020-04-21 22:42:13,294 train 350 5.740293e-01 80.279558 99.020655
2020-04-21 22:43:10,570 train_acc 80.168000
2020-04-21 22:43:10,934 valid 000 6.443946e-01 75.000000 98.437500
2020-04-21 22:43:19,811 valid 050 6.715136e-01 77.113971 98.651961
2020-04-21 22:43:29,109 valid 100 6.694540e-01 77.568069 98.545792
2020-04-21 22:43:37,826 valid 150 6.599053e-01 77.711093 98.592715
2020-04-21 22:43:46,649 valid 200 6.540196e-01 77.876244 98.655162
2020-04-21 22:43:55,377 valid 250 6.610457e-01 77.633217 98.574452
2020-04-21 22:44:04,385 valid 300 6.644387e-01 77.470930 98.499792
2020-04-21 22:44:15,026 valid 350 6.662481e-01 77.319266 98.482016
2020-04-21 22:44:22,728 valid_acc 77.464000
2020-04-21 22:44:22,894 epoch 7 lr 2.385792e-02
2020-04-21 22:44:22,895 genotype = Genotype(normal=[('dil_conv_3x3', 1), ('sep_conv_3x3', 0), ('sep_conv_3x3', 0), ('conv_3x1_1x3', 2), ('conv_3x1_1x3', 2), ('dil_conv_5x5', 0), ('dil_conv_5x5', 4), ('dil_conv_3x3', 1)], normal_concat=range(2, 6), reduce=[('max_pool_3x3', 0), ('max_pool_3x3', 1), ('max_pool_3x3', 0), ('skip_connect', 2), ('max_pool_3x3', 0), ('skip_connect', 2), ('max_pool_3x3', 0), ('skip_connect', 2)], reduce_concat=range(2, 6))
2020-04-21 22:44:22,895 genotype_all = Genotype(normal=[('sep_conv_3x3', 0), ('dil_conv_3x3', 1), ('sep_conv_3x3', 0), ('sep_conv_5x5', 1), ('conv_3x1_1x3', 2), ('dil_conv_5x5', 0), ('conv_3x1_1x3', 1), ('conv_3x1_1x3', 2), ('dil_conv_5x5', 3), ('dil_conv_5x5', 0), ('dil_conv_3x3', 1), ('conv_3x1_1x3', 2), ('sep_conv_3x3', 3), ('dil_conv_5x5', 4)], normal_concat=range(2, 6), reduce=[('max_pool_3x3', 0), ('max_pool_3x3', 1), ('max_pool_3x3', 0), ('max_pool_3x3', 1), ('skip_connect', 2), ('max_pool_3x3', 0), ('max_pool_3x3', 1), ('skip_connect', 2), ('skip_connect', 3), ('max_pool_3x3', 0), ('max_pool_3x3', 1), ('skip_connect', 2), ('skip_connect', 3), ('none', 4)], reduce_concat=range(2, 6))
2020-04-21 22:44:22,895 Variable containing:
 0.1670  0.1669  0.1674  0.1669  0.1663  0.1655
 0.1667  0.1663  0.1671  0.1661  0.1675  0.1663
 0.1660  0.1664  0.1673  0.1670  0.1666  0.1667
 0.1667  0.1667  0.1669  0.1670  0.1663  0.1665
 0.1664  0.1671  0.1665  0.1664  0.1666  0.1670
 0.1666  0.1664  0.1673  0.1664  0.1660  0.1673
 0.1667  0.1672  0.1665  0.1665  0.1669  0.1662
 0.1666  0.1676  0.1663  0.1664  0.1662  0.1668
 0.1665  0.1668  0.1663  0.1667  0.1668  0.1669
 0.1670  0.1663  0.1671  0.1666  0.1659  0.1671
 0.1663  0.1669  0.1670  0.1668  0.1674  0.1655
 0.1668  0.1670  0.1660  0.1664  0.1669  0.1669
 0.1664  0.1661  0.1671  0.1667  0.1671  0.1666
 0.1665  0.1666  0.1663  0.1668  0.1660  0.1679
[torch.cuda.FloatTensor of size 14x6 (GPU 2)]

2020-04-21 22:44:22,899 Variable containing:
 0.1420  0.1470  0.1379  0.2237  0.1302  0.2193
 0.1822  0.1784  0.1410  0.1837  0.1312  0.1833
 0.1392  0.1446  0.1412  0.2237  0.1327  0.2186
 0.1745  0.1749  0.1463  0.1871  0.1343  0.1829
 0.1760  0.2091  0.1508  0.1911  0.1172  0.1557
 0.1391  0.1486  0.1434  0.2202  0.1340  0.2148
 0.1693  0.1688  0.1505  0.1890  0.1378  0.1846
 0.1747  0.2061  0.1558  0.1894  0.1195  0.1544
 0.1855  0.2055  0.1550  0.1817  0.1210  0.1513
 0.1424  0.1436  0.1449  0.2193  0.1348  0.2149
 0.1708  0.1785  0.1478  0.1845  0.1357  0.1828
 0.1823  0.2012  0.1542  0.1895  0.1186  0.1542
 0.1926  0.1984  0.1540  0.1822  0.1208  0.1519
 0.2003  0.1827  0.1580  0.1822  0.1240  0.1528
[torch.cuda.FloatTensor of size 14x6 (GPU 2)]

2020-04-21 22:44:24,476 train 000 4.866563e-01 82.812500 100.000000
2020-04-21 22:45:35,155 train 050 5.445826e-01 81.740196 99.234069
2020-04-21 22:46:46,683 train 100 5.315412e-01 81.775990 99.195545
2020-04-21 22:47:57,497 train 150 5.371858e-01 81.270695 99.192881
2020-04-21 22:49:08,544 train 200 5.378396e-01 81.343284 99.175995
2020-04-21 22:50:19,512 train 250 5.366421e-01 81.355827 99.165837
2020-04-21 22:51:30,779 train 300 5.353468e-01 81.478405 99.153862
2020-04-21 22:52:41,547 train 350 5.386412e-01 81.481481 99.087429
2020-04-21 22:53:38,447 train_acc 81.504000
2020-04-21 22:53:38,750 valid 000 7.608505e-01 76.562500 93.750000
2020-04-21 22:53:47,381 valid 050 6.174676e-01 79.013480 98.651961
2020-04-21 22:53:56,115 valid 100 5.956044e-01 79.687500 98.901609
2020-04-21 22:54:04,811 valid 150 5.944046e-01 79.749586 98.985927
2020-04-21 22:54:13,484 valid 200 5.896544e-01 79.811878 98.903918
2020-04-21 22:54:22,227 valid 250 5.937376e-01 79.668825 98.879482
2020-04-21 22:54:31,193 valid 300 5.970294e-01 79.594061 98.826827
2020-04-21 22:54:39,885 valid 350 6.011901e-01 79.576211 98.771368
2020-04-21 22:54:47,291 valid_acc 79.668000
2020-04-21 22:54:47,430 epoch 8 lr 2.351568e-02
2020-04-21 22:54:47,431 genotype = Genotype(normal=[('conv_3x1_1x3', 0), ('conv_3x3', 1), ('sep_conv_5x5', 0), ('dil_conv_5x5', 2), ('dil_conv_3x3', 2), ('dil_conv_5x5', 3), ('sep_conv_3x3', 3), ('dil_conv_5x5', 4)], normal_concat=range(2, 6), reduce=[('max_pool_3x3', 0), ('none', 1), ('max_pool_3x3', 0), ('skip_connect', 2), ('max_pool_3x3', 0), ('skip_connect', 2), ('max_pool_3x3', 0), ('skip_connect', 2)], reduce_concat=range(2, 6))
2020-04-21 22:54:47,431 genotype_all = Genotype(normal=[('conv_3x1_1x3', 0), ('conv_3x3', 1), ('sep_conv_5x5', 0), ('sep_conv_3x3', 1), ('dil_conv_5x5', 2), ('sep_conv_5x5', 0), ('conv_3x3', 1), ('dil_conv_3x3', 2), ('dil_conv_5x5', 3), ('sep_conv_5x5', 0), ('conv_3x3', 1), ('conv_3x3', 2), ('sep_conv_3x3', 3), ('dil_conv_5x5', 4)], normal_concat=range(2, 6), reduce=[('max_pool_3x3', 0), ('none', 1), ('max_pool_3x3', 0), ('max_pool_3x3', 1), ('skip_connect', 2), ('max_pool_3x3', 0), ('max_pool_3x3', 1), ('skip_connect', 2), ('skip_connect', 3), ('max_pool_3x3', 0), ('max_pool_3x3', 1), ('skip_connect', 2), ('skip_connect', 3), ('none', 4)], reduce_concat=range(2, 6))
2020-04-21 22:54:47,432 Variable containing:
 0.1666  0.1677  0.1674  0.1661  0.1655  0.1667
 0.1677  0.1666  0.1675  0.1663  0.1664  0.1656
 0.1664  0.1663  0.1666  0.1679  0.1658  0.1670
 0.1660  0.1669  0.1672  0.1669  0.1662  0.1669
 0.1668  0.1670  0.1653  0.1671  0.1665  0.1675
 0.1661  0.1668  0.1665  0.1673  0.1665  0.1667
 0.1673  0.1669  0.1672  0.1661  0.1660  0.1665
 0.1661  0.1661  0.1663  0.1672  0.1676  0.1667
 0.1663  0.1665  0.1662  0.1666  0.1669  0.1675
 0.1667  0.1668  0.1667  0.1671  0.1657  0.1669
 0.1670  0.1667  0.1667  0.1669  0.1665  0.1662
 0.1669  0.1667  0.1666  0.1666  0.1664  0.1668
 0.1668  0.1670  0.1675  0.1663  0.1665  0.1660
 0.1665  0.1667  0.1665  0.1663  0.1667  0.1672
[torch.cuda.FloatTensor of size 14x6 (GPU 2)]

2020-04-21 22:54:47,435 Variable containing:
 0.1381  0.1444  0.1373  0.2293  0.1293  0.2216
 0.1847  0.1792  0.1398  0.1844  0.1291  0.1827
 0.1351  0.1411  0.1418  0.2294  0.1326  0.2200
 0.1753  0.1745  0.1468  0.1886  0.1331  0.1816
 0.1773  0.2180  0.1526  0.1875  0.1146  0.1500
 0.1353  0.1449  0.1443  0.2259  0.1340  0.2157
 0.1695  0.1709  0.1510  0.1897  0.1365  0.1823
 0.1773  0.2142  0.1577  0.1850  0.1172  0.1486
 0.1900  0.2129  0.1565  0.1764  0.1188  0.1455
 0.1389  0.1411  0.1456  0.2243  0.1344  0.2157
 0.1710  0.1806  0.1484  0.1854  0.1342  0.1805
 0.1860  0.2086  0.1553  0.1852  0.1160  0.1488
 0.1987  0.2042  0.1548  0.1773  0.1183  0.1467
 0.2076  0.1852  0.1592  0.1778  0.1220  0.1481
[torch.cuda.FloatTensor of size 14x6 (GPU 2)]

2020-04-21 22:54:48,927 train 000 2.686874e-01 92.187500 100.000000
2020-04-21 22:56:00,499 train 050 4.732587e-01 83.578431 99.540441
2020-04-21 22:57:11,433 train 100 4.792404e-01 83.462252 99.443069
2020-04-21 22:58:22,596 train 150 4.871205e-01 83.247103 99.296358
2020-04-21 22:59:34,264 train 200 4.818786e-01 83.442164 99.323694
2020-04-21 23:00:45,083 train 250 4.873698e-01 83.329183 99.277888
2020-04-21 23:01:56,655 train 300 4.922352e-01 83.082434 99.268065
2020-04-21 23:03:07,731 train 350 4.923293e-01 83.012821 99.256588
2020-04-21 23:04:05,069 train_acc 82.896000
2020-04-21 23:04:05,428 valid 000 4.290929e-01 81.250000 100.000000
2020-04-21 23:04:14,155 valid 050 5.568808e-01 80.882353 99.019608
2020-04-21 23:04:23,438 valid 100 5.434412e-01 81.652228 98.948020
2020-04-21 23:04:32,086 valid 150 5.558342e-01 81.198262 98.934189
2020-04-21 23:04:41,018 valid 200 5.543801e-01 81.148943 98.989428
2020-04-21 23:04:49,866 valid 250 5.597033e-01 81.025896 98.985309
2020-04-21 23:04:58,704 valid 300 5.568565e-01 81.063123 99.003322
2020-04-21 23:05:07,602 valid 350 5.544400e-01 81.080840 99.020655
2020-04-21 23:05:15,341 valid_acc 81.108000
2020-04-21 23:05:15,489 epoch 9 lr 2.313194e-02
2020-04-21 23:05:15,490 genotype = Genotype(normal=[('sep_conv_3x3', 1), ('sep_conv_3x3', 0), ('sep_conv_5x5', 2), ('sep_conv_3x3', 1), ('dil_conv_3x3', 1), ('dil_conv_3x3', 2), ('conv_3x3', 0), ('sep_conv_3x3', 1)], normal_concat=range(2, 6), reduce=[('max_pool_3x3', 0), ('max_pool_3x3', 1), ('max_pool_3x3', 0), ('skip_connect', 2), ('max_pool_3x3', 0), ('skip_connect', 2), ('max_pool_3x3', 0), ('skip_connect', 2)], reduce_concat=range(2, 6))
2020-04-21 23:05:15,490 genotype_all = Genotype(normal=[('sep_conv_3x3', 0), ('sep_conv_3x3', 1), ('dil_conv_3x3', 0), ('sep_conv_3x3', 1), ('sep_conv_5x5', 2), ('sep_conv_5x5', 0), ('dil_conv_3x3', 1), ('dil_conv_3x3', 2), ('dil_conv_5x5', 3), ('conv_3x3', 0), ('sep_conv_3x3', 1), ('conv_3x1_1x3', 2), ('conv_3x1_1x3', 3), ('conv_3x1_1x3', 4)], normal_concat=range(2, 6), reduce=[('max_pool_3x3', 0), ('max_pool_3x3', 1), ('max_pool_3x3', 0), ('max_pool_3x3', 1), ('skip_connect', 2), ('max_pool_3x3', 0), ('max_pool_3x3', 1), ('skip_connect', 2), ('skip_connect', 3), ('max_pool_3x3', 0), ('max_pool_3x3', 1), ('skip_connect', 2), ('skip_connect', 3), ('none', 4)], reduce_concat=range(2, 6))
2020-04-21 23:05:15,490 Variable containing:
 0.1673  0.1677  0.1680  0.1663  0.1645  0.1661
 0.1671  0.1670  0.1684  0.1660  0.1657  0.1658
 0.1664  0.1665  0.1669  0.1661  0.1672  0.1669
 0.1665  0.1666  0.1674  0.1661  0.1671  0.1662
 0.1669  0.1672  0.1673  0.1678  0.1652  0.1656
 0.1669  0.1665  0.1660  0.1670  0.1669  0.1666
 0.1667  0.1667  0.1669  0.1660  0.1675  0.1663
 0.1668  0.1666  0.1662  0.1664  0.1671  0.1670
 0.1666  0.1666  0.1668  0.1668  0.1663  0.1669
 0.1676  0.1667  0.1674  0.1667  0.1647  0.1670
 0.1667  0.1673  0.1676  0.1667  0.1662  0.1656
 0.1668  0.1671  0.1664  0.1667  0.1666  0.1663
 0.1665  0.1674  0.1668  0.1668  0.1657  0.1668
 0.1668  0.1671  0.1663  0.1662  0.1670  0.1665
[torch.cuda.FloatTensor of size 14x6 (GPU 2)]

2020-04-21 23:05:15,493 Variable containing:
 0.1368  0.1443  0.1352  0.2343  0.1266  0.2228
 0.1847  0.1792  0.1386  0.1865  0.1274  0.1836
 0.1332  0.1387  0.1407  0.2357  0.1304  0.2213
 0.1737  0.1726  0.1470  0.1918  0.1323  0.1826
 0.1768  0.2260  0.1537  0.1853  0.1125  0.1457
 0.1336  0.1442  0.1438  0.2307  0.1323  0.2154
 0.1684  0.1698  0.1516  0.1919  0.1360  0.1823
 0.1794  0.2209  0.1583  0.1822  0.1149  0.1443
 0.1944  0.2184  0.1570  0.1725  0.1168  0.1409
 0.1373  0.1401  0.1455  0.2290  0.1328  0.2153
 0.1692  0.1808  0.1486  0.1869  0.1337  0.1806
 0.1874  0.2147  0.1560  0.1829  0.1141  0.1449
 0.2021  0.2095  0.1555  0.1738  0.1167  0.1425
 0.2120  0.1884  0.1599  0.1746  0.1207  0.1443
[torch.cuda.FloatTensor of size 14x6 (GPU 2)]

2020-04-21 23:05:16,965 train 000 4.707271e-01 85.937500 96.875000
2020-04-21 23:06:27,900 train 050 4.431477e-01 84.712010 99.387255
2020-04-21 23:07:39,702 train 100 4.504341e-01 84.715347 99.427599
2020-04-21 23:08:51,015 train 150 4.537524e-01 84.788907 99.420530
2020-04-21 23:10:02,240 train 200 4.536922e-01 84.546020 99.416978
2020-04-21 23:11:13,771 train 250 4.544211e-01 84.424801 99.427291
2020-04-21 23:12:24,389 train 300 4.570636e-01 84.421719 99.392650
2020-04-21 23:13:36,192 train 350 4.620621e-01 84.254808 99.385684
2020-04-21 23:14:32,605 train_acc 84.084000
2020-04-21 23:14:32,931 valid 000 7.584500e-01 75.000000 100.000000
2020-04-21 23:14:41,762 valid 050 5.670206e-01 80.606618 99.172794
2020-04-21 23:14:51,455 valid 100 5.511040e-01 81.002475 99.164604
2020-04-21 23:15:00,354 valid 150 5.569338e-01 80.970613 99.099752
2020-04-21 23:15:09,082 valid 200 5.541940e-01 81.078980 99.051617
2020-04-21 23:15:17,773 valid 250 5.592793e-01 80.888944 98.979084
2020-04-21 23:15:26,559 valid 300 5.589003e-01 80.912583 98.930648
2020-04-21 23:15:35,335 valid 350 5.606465e-01 80.840456 98.913818
2020-04-21 23:15:42,452 valid_acc 80.952000
2020-04-21 23:15:42,591 epoch 10 lr 2.270820e-02
2020-04-21 23:15:42,592 genotype = Genotype(normal=[('sep_conv_3x3', 1), ('conv_3x3', 0), ('sep_conv_3x3', 1), ('sep_conv_5x5', 0), ('sep_conv_3x3', 1), ('sep_conv_5x5', 0), ('sep_conv_3x3', 3), ('sep_conv_3x3', 0)], normal_concat=range(2, 6), reduce=[('max_pool_3x3', 0), ('max_pool_3x3', 1), ('max_pool_3x3', 0), ('skip_connect', 2), ('max_pool_3x3', 0), ('skip_connect', 2), ('max_pool_3x3', 0), ('skip_connect', 2)], reduce_concat=range(2, 6))
