2020-04-13 11:54:24,068 gpu device = 0
2020-04-13 11:54:24,068 args = Namespace(arch_learning_rate=0.0003, arch_weight_decay=0.001, batch_size=64, cutout=False, cutout_length=16, data='../data', drop_path_prob=0.3, epochs=50, gpu=0, grad_clip=5, init_channels=16, layers=8, learning_rate=0.025, learning_rate_min=0.001, model_path='saved_models', momentum=0.9, report_freq=50, save='search-EXP-20200413-115424', seed=2, train_portion=0.5, unrolled=False, weight_decay=0.0003)
2020-04-13 11:54:27,970 param size = 3.621370MB
2020-04-13 11:54:29,683 epoch 0 lr 2.500000e-02
2020-04-13 11:54:29,684 genotype = Genotype(normal=[('sep_conv_5x5', 1), ('dil_conv_5x5', 0), ('sep_conv_5x5', 0), ('sep_conv_3x3', 2), ('dil_conv_3x3', 1), ('sep_conv_5x5', 2), ('sep_conv_3x3', 3), ('conv_3x1_1x3', 2)], normal_concat=range(2, 6), reduce=[('max_pool_5x5', 0), ('avg_pool_3x3', 1), ('skip_connect', 1), ('max_pool_5x5', 0), ('max_pool_3x3', 0), ('avg_pool_3x3', 1), ('max_pool_3x3', 0), ('avg_pool_5x5', 4)], reduce_concat=range(2, 6))
2020-04-13 11:54:29,685 genotype_all = Genotype(normal=[('dil_conv_5x5', 0), ('sep_conv_5x5', 1), ('sep_conv_5x5', 0), ('conv 3x3', 1), ('sep_conv_3x3', 2), ('conv_3x1_1x3', 0), ('dil_conv_3x3', 1), ('sep_conv_5x5', 2), ('dil_conv_3x3', 3), ('dil_conv_3x3', 0), ('sep_conv_5x5', 1), ('conv_3x1_1x3', 2), ('sep_conv_3x3', 3), ('dil_conv_5x5', 4)], normal_concat=range(2, 6), reduce=[('max_pool_5x5', 0), ('avg_pool_3x3', 1), ('max_pool_5x5', 0), ('skip_connect', 1), ('none', 2), ('max_pool_3x3', 0), ('avg_pool_3x3', 1), ('avg_pool_3x3', 2), ('max_pool_5x5', 3), ('max_pool_3x3', 0), ('avg_pool_3x3', 1), ('skip_connect', 2), ('avg_pool_3x3', 3), ('avg_pool_5x5', 4)], reduce_concat=range(2, 6))
2020-04-13 11:54:29,685 Variable containing:
 0.1667  0.1664  0.1668  0.1666  0.1666  0.1668
 0.1666  0.1665  0.1669  0.1666  0.1667  0.1667
 0.1668  0.1666  0.1670  0.1666  0.1666  0.1664
 0.1669  0.1668  0.1663  0.1668  0.1666  0.1666
 0.1666  0.1669  0.1667  0.1664  0.1667  0.1666
 0.1666  0.1666  0.1667  0.1668  0.1667  0.1666
 0.1664  0.1666  0.1666  0.1667  0.1670  0.1668
 0.1664  0.1668  0.1669  0.1668  0.1664  0.1665
 0.1666  0.1667  0.1666  0.1667  0.1668  0.1666
 0.1668  0.1665  0.1665  0.1667  0.1668  0.1666
 0.1666  0.1667  0.1669  0.1668  0.1664  0.1668
 0.1664  0.1668  0.1665  0.1670  0.1666  0.1667
 0.1667  0.1670  0.1665  0.1667  0.1666  0.1664
 0.1665  0.1665  0.1667  0.1667  0.1666  0.1669
[torch.cuda.FloatTensor of size 14x6 (GPU 0)]

2020-04-13 11:54:29,689 Variable containing:
 0.1668  0.1667  0.1663  0.1665  0.1669  0.1669
 0.1665  0.1666  0.1669  0.1666  0.1668  0.1665
 0.1669  0.1665  0.1664  0.1666  0.1667  0.1669
 0.1669  0.1670  0.1664  0.1665  0.1665  0.1666
 0.1669  0.1666  0.1665  0.1666  0.1667  0.1666
 0.1667  0.1667  0.1666  0.1669  0.1665  0.1665
 0.1664  0.1668  0.1668  0.1667  0.1665  0.1667
 0.1665  0.1667  0.1668  0.1666  0.1667  0.1666
 0.1667  0.1666  0.1668  0.1665  0.1666  0.1668
 0.1666  0.1666  0.1664  0.1669  0.1667  0.1668
 0.1666  0.1666  0.1668  0.1666  0.1666  0.1667
 0.1668  0.1668  0.1665  0.1667  0.1666  0.1667
 0.1666  0.1667  0.1668  0.1664  0.1667  0.1667
 0.1666  0.1666  0.1666  0.1668  0.1669  0.1667
[torch.cuda.FloatTensor of size 14x6 (GPU 0)]

2020-04-13 11:54:39,123 train 000 2.338325e+00 4.687500 46.875000
2020-04-13 11:55:52,372 train 050 2.022373e+00 23.835784 76.838235
2020-04-13 11:57:05,499 train 100 1.915413e+00 28.094059 80.847772
2020-04-13 11:58:19,285 train 150 1.856926e+00 29.966887 83.143626
2020-04-13 11:59:33,361 train 200 1.799696e+00 32.532649 84.709266
2020-04-13 12:00:48,420 train 250 1.754301e+00 34.574203 85.831673
2020-04-13 12:02:02,665 train 300 1.709670e+00 36.539659 86.788829
2020-04-13 12:03:18,517 train 350 1.663142e+00 38.488248 87.655805
2020-04-13 12:04:23,197 train_acc 39.556000
2020-04-13 12:04:23,580 valid 000 1.353896e+00 60.937500 89.062500
2020-04-13 12:04:32,094 valid 050 1.378073e+00 50.490196 92.003676
2020-04-13 12:04:41,015 valid 100 1.389634e+00 50.030941 92.187500
2020-04-13 12:04:49,673 valid 150 1.384388e+00 50.041391 92.311672
2020-04-13 12:04:58,613 valid 200 1.387762e+00 49.891169 92.195274
2020-04-13 12:05:07,253 valid 250 1.385643e+00 50.124502 92.262201
2020-04-13 12:05:16,047 valid 300 1.389307e+00 49.865033 92.301703
2020-04-13 12:05:25,046 valid 350 1.389003e+00 49.817486 92.378917
2020-04-13 12:05:32,434 valid_acc 49.796000
2020-04-13 12:05:32,569 epoch 1 lr 2.497632e-02
2020-04-13 12:05:32,570 genotype = Genotype(normal=[('conv 3x3', 1), ('conv_3x1_1x3', 0), ('conv_3x1_1x3', 1), ('conv 3x3', 0), ('dil_conv_3x3', 3), ('conv_3x1_1x3', 1), ('conv_3x1_1x3', 2), ('dil_conv_3x3', 4)], normal_concat=range(2, 6), reduce=[('max_pool_3x3', 0), ('max_pool_3x3', 1), ('max_pool_3x3', 0), ('skip_connect', 2), ('max_pool_3x3', 0), ('skip_connect', 2), ('max_pool_3x3', 0), ('skip_connect', 2)], reduce_concat=range(2, 6))
2020-04-13 12:05:32,570 genotype_all = Genotype(normal=[('conv_3x1_1x3', 0), ('conv 3x3', 1), ('conv 3x3', 0), ('conv_3x1_1x3', 1), ('sep_conv_3x3', 2), ('dil_conv_5x5', 0), ('conv_3x1_1x3', 1), ('conv_3x1_1x3', 2), ('dil_conv_3x3', 3), ('sep_conv_3x3', 0), ('conv 3x3', 1), ('conv_3x1_1x3', 2), ('conv 3x3', 3), ('dil_conv_3x3', 4)], normal_concat=range(2, 6), reduce=[('max_pool_3x3', 0), ('max_pool_3x3', 1), ('max_pool_3x3', 0), ('max_pool_3x3', 1), ('skip_connect', 2), ('max_pool_3x3', 0), ('max_pool_3x3', 1), ('skip_connect', 2), ('skip_connect', 3), ('max_pool_3x3', 0), ('max_pool_3x3', 1), ('skip_connect', 2), ('skip_connect', 3), ('max_pool_3x3', 4)], reduce_concat=range(2, 6))
2020-04-13 12:05:32,570 Variable containing:
 0.1685  0.1652  0.1615  0.1693  0.1680  0.1676
 0.1695  0.1669  0.1631  0.1690  0.1655  0.1660
 0.1687  0.1672  0.1617  0.1684  0.1673  0.1666
 0.1679  0.1656  0.1640  0.1695  0.1673  0.1658
 0.1661  0.1682  0.1661  0.1674  0.1661  0.1661
 0.1676  0.1643  0.1649  0.1673  0.1672  0.1687
 0.1694  0.1676  0.1639  0.1698  0.1642  0.1651
 0.1656  0.1654  0.1651  0.1690  0.1661  0.1688
 0.1656  0.1659  0.1647  0.1677  0.1703  0.1658
 0.1670  0.1679  0.1654  0.1678  0.1659  0.1661
 0.1683  0.1656  0.1662  0.1671  0.1674  0.1654
 0.1680  0.1663  0.1628  0.1704  0.1665  0.1662
 0.1682  0.1673  0.1617  0.1674  0.1680  0.1673
 0.1671  0.1659  0.1662  0.1643  0.1683  0.1682
[torch.cuda.FloatTensor of size 14x6 (GPU 0)]

2020-04-13 12:05:32,573 Variable containing:
 0.1645  0.1666  0.1599  0.1763  0.1581  0.1747
 0.1671  0.1685  0.1613  0.1717  0.1603  0.1710
 0.1632  0.1642  0.1617  0.1769  0.1590  0.1749
 0.1672  0.1656  0.1620  0.1733  0.1605  0.1715
 0.1682  0.1744  0.1657  0.1713  0.1566  0.1638
 0.1621  0.1638  0.1623  0.1776  0.1597  0.1745
 0.1654  0.1682  0.1624  0.1730  0.1600  0.1710
 0.1669  0.1741  0.1669  0.1716  0.1571  0.1635
 0.1696  0.1729  0.1674  0.1701  0.1571  0.1629
 0.1636  0.1629  0.1625  0.1764  0.1594  0.1751
 0.1656  0.1659  0.1627  0.1727  0.1607  0.1724
 0.1676  0.1735  0.1662  0.1732  0.1556  0.1639
 0.1704  0.1723  0.1669  0.1714  0.1561  0.1629
 0.1713  0.1697  0.1677  0.1714  0.1570  0.1629
[torch.cuda.FloatTensor of size 14x6 (GPU 0)]

2020-04-13 12:05:36,640 train 000 1.357437e+00 53.125000 93.750000
2020-04-13 12:06:50,403 train 050 1.302393e+00 52.450980 93.351716
2020-04-13 12:08:04,000 train 100 1.302085e+00 52.568069 93.610767
2020-04-13 12:09:16,922 train 150 1.283052e+00 53.445778 94.050083
2020-04-13 12:10:31,087 train 200 1.260160e+00 54.415423 94.340796
2020-04-13 12:11:45,039 train 250 1.234643e+00 55.633715 94.559263
2020-04-13 12:12:59,098 train 300 1.221325e+00 56.270764 94.679194
2020-04-13 12:14:12,636 train 350 1.202456e+00 56.908832 94.836182
2020-04-13 12:15:11,596 train_acc 57.416000
2020-04-13 12:15:12,045 valid 000 9.528141e-01 64.062500 98.437500
2020-04-13 12:15:20,577 valid 050 1.113137e+00 60.477941 96.660539
2020-04-13 12:15:29,246 valid 100 1.139869e+00 60.024752 96.302599
2020-04-13 12:15:37,905 valid 150 1.124119e+00 60.916805 96.223096
2020-04-13 12:15:46,394 valid 200 1.126824e+00 60.649876 96.105410
2020-04-13 12:15:54,982 valid 250 1.132439e+00 60.246514 96.084412
2020-04-13 12:16:03,667 valid 300 1.133486e+00 60.205565 96.096346
2020-04-13 12:16:12,259 valid 350 1.136859e+00 60.096154 96.100427
2020-04-13 12:16:19,260 valid_acc 60.100000
2020-04-13 12:16:19,395 epoch 2 lr 2.490538e-02
2020-04-13 12:16:19,396 genotype = Genotype(normal=[('dil_conv_3x3', 0), ('conv 3x3', 1), ('conv 3x3', 0), ('conv_3x1_1x3', 1), ('dil_conv_3x3', 3), ('conv_3x1_1x3', 1), ('dil_conv_5x5', 4), ('conv 3x3', 2)], normal_concat=range(2, 6), reduce=[('max_pool_3x3', 0), ('max_pool_3x3', 1), ('max_pool_3x3', 0), ('skip_connect', 2), ('max_pool_3x3', 0), ('skip_connect', 2), ('max_pool_5x5', 0), ('max_pool_3x3', 2)], reduce_concat=range(2, 6))
2020-04-13 12:16:19,396 genotype_all = Genotype(normal=[('dil_conv_3x3', 0), ('conv 3x3', 1), ('conv 3x3', 0), ('conv_3x1_1x3', 1), ('sep_conv_3x3', 2), ('dil_conv_3x3', 0), ('conv_3x1_1x3', 1), ('dil_conv_5x5', 2), ('dil_conv_3x3', 3), ('conv 3x3', 0), ('dil_conv_3x3', 1), ('conv 3x3', 2), ('dil_conv_5x5', 3), ('dil_conv_5x5', 4)], normal_concat=range(2, 6), reduce=[('max_pool_3x3', 0), ('max_pool_3x3', 1), ('max_pool_3x3', 0), ('max_pool_3x3', 1), ('skip_connect', 2), ('max_pool_3x3', 0), ('max_pool_3x3', 1), ('skip_connect', 2), ('skip_connect', 3), ('max_pool_5x5', 0), ('max_pool_5x5', 1), ('max_pool_3x3', 2), ('max_pool_3x3', 3), ('max_pool_3x3', 4)], reduce_concat=range(2, 6))
2020-04-13 12:16:19,396 Variable containing:
 0.1689  0.1634  0.1613  0.1689  0.1693  0.1682
 0.1689  0.1659  0.1639  0.1681  0.1644  0.1689
 0.1706  0.1704  0.1589  0.1681  0.1664  0.1657
 0.1685  0.1660  0.1620  0.1690  0.1669  0.1676
 0.1653  0.1690  0.1647  0.1675  0.1664  0.1671
 0.1688  0.1626  0.1639  0.1666  0.1692  0.1689
 0.1679  0.1677  0.1627  0.1714  0.1634  0.1668
 0.1634  0.1661  0.1620  0.1688  0.1687  0.1710
 0.1644  0.1641  0.1649  0.1693  0.1722  0.1650
 0.1688  0.1681  0.1641  0.1678  0.1667  0.1645
 0.1675  0.1672  0.1650  0.1676  0.1688  0.1639
 0.1710  0.1663  0.1614  0.1696  0.1664  0.1653
 0.1687  0.1663  0.1612  0.1678  0.1672  0.1688
 0.1645  0.1673  0.1647  0.1628  0.1695  0.1713
[torch.cuda.FloatTensor of size 14x6 (GPU 0)]

2020-04-13 12:16:19,399 Variable containing:
 0.1606  0.1651  0.1542  0.1851  0.1510  0.1840
 0.1705  0.1697  0.1564  0.1753  0.1540  0.1741
 0.1585  0.1602  0.1565  0.1871  0.1523  0.1854
 0.1690  0.1673  0.1566  0.1777  0.1537  0.1757
 0.1695  0.1797  0.1622  0.1779  0.1467  0.1641
 0.1566  0.1604  0.1572  0.1874  0.1533  0.1851
 0.1670  0.1678  0.1578  0.1782  0.1537  0.1756
 0.1672  0.1794  0.1636  0.1790  0.1472  0.1637
 0.1717  0.1785  0.1637  0.1762  0.1475  0.1624
 0.1588  0.1605  0.1558  0.1863  0.1519  0.1865
 0.1669  0.1659  0.1577  0.1777  0.1542  0.1777
 0.1680  0.1774  0.1629  0.1813  0.1461  0.1643
 0.1725  0.1768  0.1630  0.1782  0.1468  0.1627
 0.1747  0.1732  0.1648  0.1772  0.1481  0.1619
[torch.cuda.FloatTensor of size 14x6 (GPU 0)]

2020-04-13 12:16:20,955 train 000 1.179102e+00 59.375000 92.187500
2020-04-13 12:17:34,103 train 050 1.040556e+00 62.775735 96.507353
2020-04-13 12:18:48,246 train 100 1.018796e+00 63.582921 96.596535
2020-04-13 12:20:01,315 train 150 1.009801e+00 64.031457 96.554222
2020-04-13 12:21:14,807 train 200 1.004283e+00 64.342351 96.696206
2020-04-13 12:22:28,165 train 250 9.891724e-01 64.952689 96.756723
2020-04-13 12:23:41,674 train 300 9.827162e-01 65.079942 96.869809
2020-04-13 12:24:54,305 train 350 9.728085e-01 65.531517 96.910613
2020-04-13 12:25:51,825 train_acc 65.876000
2020-04-13 12:25:52,240 valid 000 1.067787e+00 57.812500 95.312500
2020-04-13 12:26:01,136 valid 050 9.525409e-01 66.268382 96.660539
2020-04-13 12:26:09,665 valid 100 9.583385e-01 65.872525 96.627475
2020-04-13 12:26:18,351 valid 150 9.610529e-01 65.376656 96.937086
2020-04-13 12:26:27,024 valid 200 9.747959e-01 65.041978 96.898321
2020-04-13 12:26:35,813 valid 250 9.778397e-01 64.828187 96.968376
2020-04-13 12:26:44,454 valid 300 9.760683e-01 64.716570 97.009967
2020-04-13 12:26:53,129 valid 350 9.774878e-01 64.681268 97.012999
2020-04-13 12:27:00,300 valid_acc 64.696000
2020-04-13 12:27:00,448 epoch 3 lr 2.478745e-02
2020-04-13 12:27:00,449 genotype = Genotype(normal=[('conv 3x3', 0), ('conv_3x1_1x3', 1), ('conv 3x3', 0), ('conv 3x3', 1), ('conv_3x1_1x3', 1), ('dil_conv_3x3', 3), ('dil_conv_5x5', 4), ('conv 3x3', 2)], normal_concat=range(2, 6), reduce=[('max_pool_3x3', 0), ('max_pool_3x3', 1), ('max_pool_3x3', 0), ('skip_connect', 2), ('max_pool_3x3', 0), ('skip_connect', 2), ('max_pool_3x3', 0), ('skip_connect', 2)], reduce_concat=range(2, 6))
2020-04-13 12:27:00,449 genotype_all = Genotype(normal=[('conv 3x3', 0), ('conv_3x1_1x3', 1), ('conv 3x3', 0), ('conv 3x3', 1), ('conv_3x1_1x3', 2), ('conv 3x3', 0), ('conv_3x1_1x3', 1), ('conv_3x1_1x3', 2), ('dil_conv_3x3', 3), ('conv 3x3', 0), ('sep_conv_3x3', 1), ('conv 3x3', 2), ('dil_conv_5x5', 3), ('dil_conv_5x5', 4)], normal_concat=range(2, 6), reduce=[('max_pool_3x3', 0), ('max_pool_3x3', 1), ('max_pool_3x3', 0), ('max_pool_3x3', 1), ('skip_connect', 2), ('max_pool_3x3', 0), ('max_pool_3x3', 1), ('skip_connect', 2), ('skip_connect', 3), ('max_pool_3x3', 0), ('max_pool_3x3', 1), ('skip_connect', 2), ('skip_connect', 3), ('none', 4)], reduce_concat=range(2, 6))
2020-04-13 12:27:00,449 Variable containing:
 0.1714  0.1615  0.1598  0.1714  0.1701  0.1659
 0.1686  0.1641  0.1628  0.1690  0.1668  0.1688
 0.1735  0.1698  0.1591  0.1673  0.1664  0.1639
 0.1705  0.1658  0.1617  0.1673  0.1658  0.1689
 0.1663  0.1686  0.1625  0.1690  0.1677  0.1658
 0.1686  0.1664  0.1629  0.1657  0.1679  0.1685
 0.1664  0.1678  0.1620  0.1730  0.1643  0.1666
 0.1591  0.1671  0.1609  0.1716  0.1702  0.1710
 0.1640  0.1634  0.1644  0.1689  0.1723  0.1670
 0.1702  0.1700  0.1657  0.1671  0.1631  0.1638
 0.1643  0.1700  0.1627  0.1697  0.1687  0.1646
 0.1722  0.1644  0.1625  0.1715  0.1644  0.1650
 0.1677  0.1666  0.1608  0.1673  0.1678  0.1699
 0.1638  0.1654  0.1658  0.1620  0.1696  0.1735
[torch.cuda.FloatTensor of size 14x6 (GPU 0)]

2020-04-13 12:27:00,452 Variable containing:
 0.1566  0.1641  0.1484  0.1942  0.1447  0.1919
 0.1729  0.1712  0.1521  0.1786  0.1483  0.1768
 0.1538  0.1558  0.1514  0.1983  0.1462  0.1945
 0.1695  0.1662  0.1536  0.1828  0.1486  0.1794
 0.1718  0.1889  0.1615  0.1796  0.1387  0.1594
 0.1511  0.1568  0.1527  0.1981  0.1477  0.1935
 0.1672  0.1663  0.1552  0.1835  0.1490  0.1787
 0.1687  0.1878  0.1634  0.1811  0.1396  0.1593
 0.1763  0.1862  0.1629  0.1768  0.1400  0.1579
 0.1527  0.1577  0.1509  0.1972  0.1458  0.1958
 0.1663  0.1663  0.1539  0.1833  0.1484  0.1818
 0.1694  0.1856  0.1627  0.1843  0.1379  0.1601
 0.1770  0.1846  0.1619  0.1794  0.1387  0.1584
 0.1808  0.1785  0.1642  0.1783  0.1404  0.1578
[torch.cuda.FloatTensor of size 14x6 (GPU 0)]

2020-04-13 12:27:01,994 train 000 1.184873e+00 54.687500 95.312500
2020-04-13 12:28:15,098 train 050 8.503038e-01 69.761029 97.549020
2020-04-13 12:29:29,153 train 100 8.550054e-01 69.585396 97.725866
2020-04-13 12:30:42,499 train 150 8.430966e-01 70.188328 97.899421
2020-04-13 12:31:55,504 train 200 8.438956e-01 70.343595 97.846704
2020-04-13 12:33:09,039 train 250 8.346993e-01 70.598855 97.933267
2020-04-13 12:34:22,629 train 300 8.343243e-01 70.556478 97.939161
2020-04-13 12:35:35,685 train 350 8.251612e-01 70.900107 97.992343
2020-04-13 12:36:34,195 train_acc 71.072000
2020-04-13 12:36:34,636 valid 000 8.182349e-01 67.187500 96.875000
2020-04-13 12:36:43,085 valid 050 8.276345e-01 70.894608 97.702206
2020-04-13 12:36:51,457 valid 100 8.204536e-01 71.209777 97.725866
2020-04-13 12:36:59,894 valid 150 8.124494e-01 71.202401 97.713162
2020-04-13 12:37:08,491 valid 200 8.113007e-01 71.214241 97.706779
2020-04-13 12:37:16,988 valid 250 8.122957e-01 71.140438 97.734064
2020-04-13 12:37:25,428 valid 300 8.038859e-01 71.485673 97.819767
2020-04-13 12:37:33,794 valid 350 8.072030e-01 71.469907 97.778668
2020-04-13 12:37:40,470 valid_acc 71.364000
2020-04-13 12:37:40,619 epoch 4 lr 2.462300e-02
2020-04-13 12:37:40,620 genotype = Genotype(normal=[('conv_3x1_1x3', 0), ('conv_3x1_1x3', 1), ('conv 3x3', 0), ('conv 3x3', 1), ('conv_3x1_1x3', 2), ('dil_conv_5x5', 3), ('conv 3x3', 2), ('dil_conv_5x5', 4)], normal_concat=range(2, 6), reduce=[('max_pool_3x3', 0), ('max_pool_3x3', 1), ('max_pool_3x3', 0), ('skip_connect', 2), ('max_pool_3x3', 0), ('skip_connect', 2), ('max_pool_3x3', 0), ('skip_connect', 2)], reduce_concat=range(2, 6))
2020-04-13 12:37:40,620 genotype_all = Genotype(normal=[('conv_3x1_1x3', 0), ('conv_3x1_1x3', 1), ('conv 3x3', 0), ('conv 3x3', 1), ('dil_conv_3x3', 2), ('dil_conv_3x3', 0), ('conv_3x1_1x3', 1), ('conv_3x1_1x3', 2), ('dil_conv_5x5', 3), ('conv 3x3', 0), ('conv_3x1_1x3', 1), ('conv 3x3', 2), ('dil_conv_5x5', 3), ('dil_conv_5x5', 4)], normal_concat=range(2, 6), reduce=[('max_pool_3x3', 0), ('max_pool_3x3', 1), ('max_pool_3x3', 0), ('max_pool_3x3', 1), ('skip_connect', 2), ('max_pool_3x3', 0), ('max_pool_3x3', 1), ('skip_connect', 2), ('skip_connect', 3), ('max_pool_3x3', 0), ('max_pool_3x3', 1), ('skip_connect', 2), ('skip_connect', 3), ('none', 4)], reduce_concat=range(2, 6))
2020-04-13 12:37:40,621 Variable containing:
 0.1722  0.1596  0.1600  0.1726  0.1697  0.1658
 0.1704  0.1627  0.1613  0.1717  0.1651  0.1687
 0.1730  0.1727  0.1584  0.1662  0.1668  0.1629
 0.1726  0.1660  0.1611  0.1675  0.1646  0.1683
 0.1664  0.1676  0.1631  0.1685  0.1687  0.1657
 0.1684  0.1643  0.1625  0.1678  0.1685  0.1685
 0.1649  0.1670  0.1634  0.1718  0.1651  0.1678
 0.1575  0.1660  0.1616  0.1744  0.1712  0.1694
 0.1637  0.1624  0.1622  0.1694  0.1703  0.1720
 0.1718  0.1706  0.1655  0.1672  0.1613  0.1635
 0.1628  0.1711  0.1626  0.1719  0.1674  0.1642
 0.1764  0.1638  0.1629  0.1701  0.1607  0.1660
 0.1668  0.1663  0.1623  0.1674  0.1673  0.1699
 0.1630  0.1649  0.1672  0.1606  0.1687  0.1756
[torch.cuda.FloatTensor of size 14x6 (GPU 0)]

2020-04-13 12:37:40,623 Variable containing:
 0.1545  0.1637  0.1448  0.2002  0.1401  0.1967
 0.1741  0.1720  0.1495  0.1806  0.1448  0.1788
 0.1507  0.1519  0.1491  0.2062  0.1424  0.1998
 0.1694  0.1660  0.1522  0.1850  0.1459  0.1815
 0.1713  0.1937  0.1598  0.1827  0.1332  0.1594
 0.1476  0.1546  0.1503  0.2054  0.1438  0.1982
 0.1676  0.1647  0.1543  0.1863  0.1465  0.1806
 0.1690  0.1928  0.1616  0.1839  0.1339  0.1588
 0.1782  0.1912  0.1607  0.1786  0.1346  0.1568
 0.1497  0.1568  0.1482  0.2039  0.1415  0.1999
 0.1667  0.1678  0.1521  0.1851  0.1451  0.1833
 0.1718  0.1896  0.1601  0.1870  0.1320  0.1595
 0.1811  0.1880  0.1592  0.1810  0.1331  0.1575
 0.1858  0.1795  0.1618  0.1804  0.1352  0.1573
[torch.cuda.FloatTensor of size 14x6 (GPU 0)]

2020-04-13 12:37:42,216 train 000 4.848346e-01 81.250000 98.437500
2020-04-13 12:38:55,257 train 050 7.079491e-01 75.551471 98.253676
2020-04-13 12:40:07,996 train 100 7.224875e-01 75.293936 98.298267
2020-04-13 12:41:21,178 train 150 7.224635e-01 75.113825 98.313328
2020-04-13 12:42:33,378 train 200 7.289623e-01 74.860075 98.367537
2020-04-13 12:43:45,442 train 250 7.272631e-01 74.831922 98.381474
2020-04-13 12:44:57,795 train 300 7.244599e-01 74.974045 98.406354
2020-04-13 12:46:10,055 train 350 7.244640e-01 75.022258 98.433048
2020-04-13 12:47:07,365 train_acc 75.244000
2020-04-13 12:47:07,783 valid 000 5.727180e-01 81.250000 100.000000
2020-04-13 12:47:16,355 valid 050 6.934324e-01 75.551471 98.560049
2020-04-13 12:47:25,134 valid 100 6.903865e-01 75.525990 98.592203
2020-04-13 12:47:33,842 valid 150 7.001689e-01 75.538079 98.447848
2020-04-13 12:47:42,796 valid 200 6.952319e-01 75.652985 98.468595
2020-04-13 12:47:51,360 valid 250 6.992951e-01 75.498008 98.400149
2020-04-13 12:48:00,018 valid 300 6.984634e-01 75.487957 98.401163
2020-04-13 12:48:08,919 valid 350 7.034676e-01 75.284900 98.410791
2020-04-13 12:48:15,636 valid_acc 75.236000
2020-04-13 12:48:15,769 epoch 5 lr 2.441268e-02
2020-04-13 12:48:15,770 genotype = Genotype(normal=[('conv_3x1_1x3', 1), ('conv 3x3', 0), ('sep_conv_3x3', 0), ('conv 3x3', 1), ('conv_3x1_1x3', 2), ('dil_conv_5x5', 3), ('conv 3x3', 2), ('dil_conv_5x5', 4)], normal_concat=range(2, 6), reduce=[('max_pool_3x3', 0), ('max_pool_3x3', 1), ('max_pool_3x3', 0), ('skip_connect', 2), ('max_pool_3x3', 0), ('skip_connect', 2), ('max_pool_3x3', 0), ('skip_connect', 2)], reduce_concat=range(2, 6))
2020-04-13 12:48:15,770 genotype_all = Genotype(normal=[('conv 3x3', 0), ('conv_3x1_1x3', 1), ('sep_conv_3x3', 0), ('conv 3x3', 1), ('conv 3x3', 2), ('dil_conv_5x5', 0), ('conv_3x1_1x3', 1), ('conv_3x1_1x3', 2), ('dil_conv_5x5', 3), ('conv 3x3', 0), ('conv_3x1_1x3', 1), ('conv 3x3', 2), ('dil_conv_5x5', 3), ('dil_conv_5x5', 4)], normal_concat=range(2, 6), reduce=[('max_pool_3x3', 0), ('max_pool_3x3', 1), ('max_pool_3x3', 0), ('max_pool_3x3', 1), ('skip_connect', 2), ('max_pool_3x3', 0), ('max_pool_3x3', 1), ('skip_connect', 2), ('skip_connect', 3), ('max_pool_3x3', 0), ('max_pool_3x3', 1), ('skip_connect', 2), ('skip_connect', 3), ('none', 4)], reduce_concat=range(2, 6))
2020-04-13 12:48:15,770 Variable containing:
 0.1722  0.1593  0.1614  0.1719  0.1699  0.1653
 0.1699  0.1627  0.1616  0.1732  0.1638  0.1687
 0.1730  0.1745  0.1557  0.1664  0.1695  0.1609
 0.1721  0.1665  0.1631  0.1643  0.1628  0.1712
 0.1686  0.1672  0.1626  0.1676  0.1676  0.1663
 0.1682  0.1672  0.1634  0.1665  0.1662  0.1685
 0.1632  0.1684  0.1636  0.1713  0.1648  0.1687
 0.1564  0.1651  0.1621  0.1773  0.1730  0.1660
 0.1616  0.1618  0.1593  0.1710  0.1704  0.1758
 0.1729  0.1726  0.1658  0.1675  0.1617  0.1595
 0.1625  0.1717  0.1627  0.1725  0.1665  0.1642
 0.1775  0.1640  0.1636  0.1707  0.1597  0.1645
 0.1654  0.1651  0.1625  0.1670  0.1692  0.1708
 0.1617  0.1618  0.1672  0.1626  0.1710  0.1757
[torch.cuda.FloatTensor of size 14x6 (GPU 0)]

2020-04-13 12:48:15,773 Variable containing:
 0.1504  0.1624  0.1422  0.2078  0.1358  0.2013
 0.1771  0.1739  0.1469  0.1818  0.1412  0.1790
 0.1457  0.1476  0.1470  0.2160  0.1386  0.2051
 0.1709  0.1664  0.1508  0.1871  0.1431  0.1818
 0.1726  0.2016  0.1584  0.1840  0.1270  0.1562
 0.1423  0.1493  0.1484  0.2159  0.1399  0.2043
 0.1688  0.1651  0.1534  0.1880  0.1441  0.1807
 0.1693  0.2006  0.1610  0.1854  0.1281  0.1556
 0.1809  0.1988  0.1596  0.1787  0.1288  0.1531
 0.1444  0.1544  0.1456  0.2128  0.1374  0.2054
 0.1683  0.1682  0.1513  0.1867  0.1426  0.1829
 0.1739  0.1964  0.1586  0.1888  0.1256  0.1566
 0.1859  0.1942  0.1573  0.1814  0.1270  0.1543
 0.1920  0.1828  0.1605  0.1808  0.1295  0.1543
[torch.cuda.FloatTensor of size 14x6 (GPU 0)]

2020-04-13 12:48:17,341 train 000 6.618989e-01 79.687500 98.437500
2020-04-13 12:49:29,421 train 050 6.582331e-01 76.164216 98.774510
2020-04-13 12:50:41,446 train 100 6.633595e-01 76.237624 98.669554
2020-04-13 12:51:53,499 train 150 6.550834e-01 76.862583 98.644454
2020-04-13 12:53:06,540 train 200 6.472607e-01 76.943408 98.717351
2020-04-13 12:54:20,601 train 250 6.546406e-01 76.948456 98.636703
2020-04-13 12:55:33,649 train 300 6.495827e-01 77.112749 98.691860
2020-04-13 12:56:46,013 train 350 6.459285e-01 77.350427 98.740207
2020-04-13 12:57:43,921 train_acc 77.272000
2020-04-13 12:57:44,383 valid 000 6.778383e-01 75.000000 100.000000
2020-04-13 12:57:53,988 valid 050 6.872688e-01 76.623775 98.253676
2020-04-13 12:58:02,513 valid 100 6.497210e-01 77.784653 98.514851
2020-04-13 12:58:11,014 valid 150 6.503913e-01 77.659354 98.509934
2020-04-13 12:58:19,756 valid 200 6.631305e-01 77.106654 98.421953
2020-04-13 12:58:28,391 valid 250 6.676668e-01 77.116534 98.462400
2020-04-13 12:58:37,238 valid 300 6.702317e-01 77.055648 98.401163
2020-04-13 12:58:45,933 valid 350 6.770045e-01 76.847400 98.379630
2020-04-13 12:58:52,789 valid_acc 76.740000
2020-04-13 12:58:52,927 epoch 6 lr 2.415732e-02
2020-04-13 12:58:52,928 genotype = Genotype(normal=[('conv_3x1_1x3', 1), ('conv_3x1_1x3', 0), ('sep_conv_3x3', 0), ('conv 3x3', 1), ('conv_3x1_1x3', 2), ('dil_conv_5x5', 3), ('conv 3x3', 2), ('dil_conv_5x5', 4)], normal_concat=range(2, 6), reduce=[('max_pool_3x3', 0), ('max_pool_3x3', 1), ('max_pool_3x3', 0), ('skip_connect', 2), ('max_pool_3x3', 0), ('skip_connect', 2), ('max_pool_3x3', 0), ('skip_connect', 2)], reduce_concat=range(2, 6))
2020-04-13 12:58:52,929 genotype_all = Genotype(normal=[('conv_3x1_1x3', 0), ('conv_3x1_1x3', 1), ('sep_conv_3x3', 0), ('conv 3x3', 1), ('conv 3x3', 2), ('sep_conv_3x3', 0), ('conv_3x1_1x3', 1), ('conv_3x1_1x3', 2), ('dil_conv_5x5', 3), ('conv 3x3', 0), ('conv_3x1_1x3', 1), ('conv 3x3', 2), ('dil_conv_3x3', 3), ('dil_conv_5x5', 4)], normal_concat=range(2, 6), reduce=[('max_pool_3x3', 0), ('max_pool_3x3', 1), ('max_pool_3x3', 0), ('max_pool_3x3', 1), ('skip_connect', 2), ('max_pool_3x3', 0), ('max_pool_3x3', 1), ('skip_connect', 2), ('skip_connect', 3), ('max_pool_3x3', 0), ('max_pool_3x3', 1), ('skip_connect', 2), ('skip_connect', 3), ('none', 4)], reduce_concat=range(2, 6))
2020-04-13 12:58:52,929 Variable containing:
 0.1729  0.1592  0.1610  0.1751  0.1694  0.1625
 0.1695  0.1637  0.1611  0.1754  0.1648  0.1655
 0.1734  0.1755  0.1567  0.1648  0.1711  0.1587
 0.1746  0.1651  0.1639  0.1625  0.1624  0.1715
 0.1693  0.1676  0.1608  0.1680  0.1678  0.1664
 0.1679  0.1702  0.1616  0.1659  0.1667  0.1676
 0.1619  0.1679  0.1629  0.1713  0.1684  0.1676
 0.1565  0.1655  0.1607  0.1803  0.1733  0.1637
 0.1616  0.1622  0.1580  0.1711  0.1712  0.1759
 0.1732  0.1711  0.1663  0.1688  0.1617  0.1590
 0.1626  0.1729  0.1601  0.1732  0.1680  0.1632
 0.1805  0.1620  0.1633  0.1704  0.1587  0.1650
 0.1657  0.1663  0.1616  0.1671  0.1699  0.1695
 0.1616  0.1599  0.1671  0.1636  0.1724  0.1755
[torch.cuda.FloatTensor of size 14x6 (GPU 0)]

2020-04-13 12:58:52,932 Variable containing:
 0.1485  0.1638  0.1392  0.2116  0.1322  0.2048
 0.1778  0.1732  0.1455  0.1846  0.1382  0.1807
 0.1432  0.1450  0.1454  0.2219  0.1357  0.2089
 0.1699  0.1632  0.1505  0.1915  0.1409  0.1839
 0.1732  0.2087  0.1579  0.1846  0.1228  0.1528
 0.1398  0.1481  0.1469  0.2208  0.1370  0.2074
 0.1661  0.1636  0.1533  0.1921  0.1423  0.1826
 0.1685  0.2081  0.1611  0.1859  0.1243  0.1522
 0.1827  0.2064  0.1584  0.1778  0.1249  0.1498
 0.1429  0.1529  0.1442  0.2172  0.1343  0.2085
 0.1669  0.1658  0.1511  0.1908  0.1405  0.1850
 0.1768  0.2025  0.1572  0.1891  0.1213  0.1531
 0.1915  0.1991  0.1554  0.1802  0.1228  0.1509
 0.1984  0.1850  0.1595  0.1799  0.1259  0.1513
[torch.cuda.FloatTensor of size 14x6 (GPU 0)]

2020-04-13 12:58:54,515 train 000 6.928459e-01 76.562500 96.875000
2020-04-13 13:00:07,179 train 050 5.633954e-01 79.901961 99.172794
2020-04-13 13:01:19,624 train 100 5.768136e-01 79.625619 99.087252
2020-04-13 13:02:32,169 train 150 5.822946e-01 79.666805 99.027318
2020-04-13 13:03:44,936 train 200 5.797141e-01 79.765236 99.051617
2020-04-13 13:04:57,585 train 250 5.845871e-01 79.737301 99.047560
2020-04-13 13:06:10,331 train 300 5.784839e-01 79.941860 99.024086
2020-04-13 13:07:22,456 train 350 5.760067e-01 80.034722 99.038462
2020-04-13 13:08:20,255 train_acc 79.976000
2020-04-13 13:08:20,674 valid 000 6.951408e-01 79.687500 95.312500
2020-04-13 13:08:29,103 valid 050 6.844734e-01 77.328431 98.192402
2020-04-13 13:08:37,707 valid 100 6.764316e-01 77.243193 98.344678
2020-04-13 13:08:46,239 valid 150 6.600676e-01 77.700745 98.427152
2020-04-13 13:08:54,880 valid 200 6.544808e-01 77.907338 98.437500
2020-04-13 13:09:03,592 valid 250 6.542692e-01 77.838645 98.418825
2020-04-13 13:09:12,105 valid 300 6.572686e-01 77.746055 98.395972
2020-04-13 13:09:21,370 valid 350 6.574157e-01 77.733262 98.406339
2020-04-13 13:09:28,468 valid_acc 77.912000
2020-04-13 13:09:28,605 epoch 7 lr 2.385792e-02
2020-04-13 13:09:28,606 genotype = Genotype(normal=[('conv_3x1_1x3', 0), ('conv_3x1_1x3', 1), ('sep_conv_3x3', 0), ('conv 3x3', 1), ('conv_3x1_1x3', 2), ('dil_conv_5x5', 3), ('conv 3x3', 2), ('dil_conv_5x5', 4)], normal_concat=range(2, 6), reduce=[('max_pool_3x3', 0), ('max_pool_3x3', 1), ('max_pool_3x3', 0), ('skip_connect', 2), ('max_pool_3x3', 0), ('skip_connect', 2), ('max_pool_3x3', 0), ('skip_connect', 2)], reduce_concat=range(2, 6))
2020-04-13 13:09:28,607 genotype_all = Genotype(normal=[('conv_3x1_1x3', 0), ('conv_3x1_1x3', 1), ('sep_conv_3x3', 0), ('conv 3x3', 1), ('conv 3x3', 2), ('sep_conv_3x3', 0), ('conv_3x1_1x3', 1), ('conv_3x1_1x3', 2), ('dil_conv_5x5', 3), ('conv 3x3', 0), ('conv_3x1_1x3', 1), ('conv 3x3', 2), ('dil_conv_5x5', 3), ('dil_conv_5x5', 4)], normal_concat=range(2, 6), reduce=[('max_pool_3x3', 0), ('max_pool_3x3', 1), ('max_pool_3x3', 0), ('max_pool_3x3', 1), ('skip_connect', 2), ('max_pool_3x3', 0), ('max_pool_3x3', 1), ('skip_connect', 2), ('skip_connect', 3), ('max_pool_3x3', 0), ('max_pool_3x3', 1), ('skip_connect', 2), ('skip_connect', 3), ('none', 4)], reduce_concat=range(2, 6))
2020-04-13 13:09:28,607 Variable containing:
 0.1734  0.1595  0.1614  0.1751  0.1693  0.1614
 0.1712  0.1633  0.1600  0.1751  0.1650  0.1654
 0.1738  0.1764  0.1557  0.1657  0.1704  0.1581
 0.1733  0.1644  0.1691  0.1615  0.1622  0.1695
 0.1695  0.1678  0.1585  0.1674  0.1680  0.1688
 0.1698  0.1724  0.1630  0.1631  0.1665  0.1652
 0.1618  0.1691  0.1617  0.1707  0.1677  0.1691
 0.1562  0.1637  0.1568  0.1846  0.1760  0.1627
 0.1607  0.1623  0.1594  0.1692  0.1714  0.1771
 0.1720  0.1696  0.1664  0.1700  0.1634  0.1586
 0.1647  0.1723  0.1579  0.1737  0.1692  0.1623
 0.1821  0.1614  0.1618  0.1699  0.1587  0.1661
 0.1665  0.1648  0.1610  0.1672  0.1696  0.1709
 0.1613  0.1594  0.1680  0.1623  0.1714  0.1777
[torch.cuda.FloatTensor of size 14x6 (GPU 0)]

2020-04-13 13:09:28,610 Variable containing:
 0.1451  0.1603  0.1367  0.2181  0.1291  0.2107
 0.1796  0.1754  0.1423  0.1864  0.1337  0.1826
 0.1389  0.1405  0.1436  0.2299  0.1328  0.2143
 0.1701  0.1630  0.1489  0.1949  0.1371  0.1860
 0.1746  0.2180  0.1562  0.1852  0.1171  0.1489
 0.1353  0.1453  0.1453  0.2278  0.1343  0.2120
 0.1662  0.1645  0.1521  0.1948  0.1388  0.1836
 0.1707  0.2173  0.1598  0.1856  0.1187  0.1478
 0.1869  0.2147  0.1568  0.1766  0.1198  0.1453
 0.1385  0.1503  0.1424  0.2233  0.1318  0.2137
 0.1679  0.1651  0.1497  0.1940  0.1368  0.1864
 0.1801  0.2105  0.1553  0.1894  0.1156  0.1490
 0.1971  0.2059  0.1534  0.1793  0.1177  0.1466
 0.2056  0.1888  0.1579  0.1793  0.1211  0.1473
[torch.cuda.FloatTensor of size 14x6 (GPU 0)]

2020-04-13 13:09:30,176 train 000 7.670580e-01 68.750000 98.437500
2020-04-13 13:10:42,915 train 050 5.530841e-01 80.514706 98.958333
2020-04-13 13:11:55,665 train 100 5.359759e-01 81.110767 99.102723
2020-04-13 13:13:08,869 train 150 5.384697e-01 81.291391 99.068709
2020-04-13 13:14:21,972 train 200 5.342732e-01 81.428794 99.082711
2020-04-13 13:15:34,982 train 250 5.349882e-01 81.411853 99.109811
2020-04-13 13:16:48,713 train 300 5.348772e-01 81.483596 99.081188
2020-04-13 13:18:02,213 train 350 5.391005e-01 81.436966 99.123041
2020-04-13 13:18:59,915 train_acc 81.420000
2020-04-13 13:19:00,409 valid 000 6.949716e-01 76.562500 96.875000
2020-04-13 13:19:08,873 valid 050 6.140126e-01 79.718137 98.590686
2020-04-13 13:19:17,310 valid 100 5.964823e-01 79.950495 98.777847
2020-04-13 13:19:25,670 valid 150 5.976910e-01 79.822020 98.820364
2020-04-13 13:19:34,317 valid 200 5.933515e-01 79.858520 98.880597
2020-04-13 13:19:43,106 valid 250 5.945308e-01 79.824452 98.867032
2020-04-13 13:19:51,637 valid 300 5.969252e-01 79.687500 98.842400
2020-04-13 13:20:00,302 valid 350 6.000835e-01 79.558405 98.806980
2020-04-13 13:20:07,293 valid_acc 79.528000
2020-04-13 13:20:07,454 epoch 8 lr 2.351568e-02
2020-04-13 13:20:07,455 genotype = Genotype(normal=[('conv_3x1_1x3', 0), ('conv_3x1_1x3', 1), ('conv 3x3', 1), ('sep_conv_3x3', 0), ('conv_3x1_1x3', 2), ('sep_conv_3x3', 0), ('conv 3x3', 2), ('dil_conv_5x5', 4)], normal_concat=range(2, 6), reduce=[('max_pool_3x3', 0), ('max_pool_3x3', 1), ('max_pool_3x3', 0), ('skip_connect', 2), ('max_pool_3x3', 0), ('skip_connect', 2), ('max_pool_3x3', 0), ('skip_connect', 2)], reduce_concat=range(2, 6))
2020-04-13 13:20:07,455 genotype_all = Genotype(normal=[('conv_3x1_1x3', 0), ('conv_3x1_1x3', 1), ('sep_conv_3x3', 0), ('conv 3x3', 1), ('conv 3x3', 2), ('sep_conv_3x3', 0), ('conv_3x1_1x3', 1), ('conv_3x1_1x3', 2), ('dil_conv_5x5', 3), ('conv_3x1_1x3', 0), ('conv_3x1_1x3', 1), ('conv 3x3', 2), ('dil_conv_3x3', 3), ('dil_conv_5x5', 4)], normal_concat=range(2, 6), reduce=[('max_pool_3x3', 0), ('max_pool_3x3', 1), ('max_pool_3x3', 0), ('max_pool_3x3', 1), ('skip_connect', 2), ('max_pool_3x3', 0), ('max_pool_3x3', 1), ('skip_connect', 2), ('skip_connect', 3), ('max_pool_3x3', 0), ('max_pool_3x3', 1), ('skip_connect', 2), ('skip_connect', 3), ('none', 4)], reduce_concat=range(2, 6))
2020-04-13 13:20:07,456 Variable containing:
 0.1738  0.1593  0.1607  0.1767  0.1680  0.1616
 0.1720  0.1629  0.1582  0.1755  0.1675  0.1639
 0.1727  0.1748  0.1575  0.1644  0.1735  0.1571
 0.1751  0.1658  0.1688  0.1597  0.1623  0.1683
 0.1714  0.1681  0.1580  0.1659  0.1674  0.1692
 0.1701  0.1768  0.1636  0.1627  0.1632  0.1637
 0.1609  0.1704  0.1609  0.1711  0.1690  0.1677
 0.1578  0.1635  0.1526  0.1854  0.1784  0.1623
 0.1609  0.1623  0.1593  0.1700  0.1709  0.1767
 0.1699  0.1702  0.1662  0.1724  0.1640  0.1573
 0.1649  0.1716  0.1594  0.1745  0.1681  0.1614
 0.1850  0.1589  0.1607  0.1714  0.1581  0.1659
 0.1685  0.1630  0.1603  0.1679  0.1705  0.1699
 0.1611  0.1578  0.1671  0.1625  0.1738  0.1777
[torch.cuda.FloatTensor of size 14x6 (GPU 0)]

2020-04-13 13:20:07,459 Variable containing:
 0.1435  0.1609  0.1359  0.2212  0.1273  0.2113
 0.1794  0.1736  0.1429  0.1881  0.1325  0.1835
 0.1366  0.1381  0.1442  0.2345  0.1317  0.2148
 0.1691  0.1615  0.1499  0.1968  0.1362  0.1865
 0.1755  0.2250  0.1565  0.1835  0.1143  0.1452
 0.1334  0.1431  0.1461  0.2318  0.1335  0.2120
 0.1652  0.1643  0.1528  0.1959  0.1382  0.1837
 0.1723  0.2241  0.1602  0.1832  0.1162  0.1440
 0.1899  0.2208  0.1569  0.1733  0.1175  0.1415
 0.1363  0.1493  0.1433  0.2262  0.1313  0.2136
 0.1680  0.1642  0.1504  0.1948  0.1362  0.1864
 0.1818  0.2163  0.1550  0.1875  0.1133  0.1461
 0.2004  0.2105  0.1529  0.1766  0.1157  0.1438
 0.2101  0.1910  0.1576  0.1771  0.1193  0.1449
[torch.cuda.FloatTensor of size 14x6 (GPU 0)]

2020-04-13 13:20:09,030 train 000 3.530979e-01 87.500000 100.000000
2020-04-13 13:21:22,179 train 050 4.667136e-01 83.823529 99.571078
2020-04-13 13:22:34,955 train 100 4.823010e-01 83.276609 99.504950
2020-04-13 13:23:48,088 train 150 4.918690e-01 83.278146 99.420530
2020-04-13 13:25:00,714 train 200 4.853951e-01 83.411070 99.409204
2020-04-13 13:26:13,304 train 250 4.909060e-01 83.248257 99.414841
2020-04-13 13:27:25,455 train 300 4.968766e-01 82.988995 99.377076
2020-04-13 13:28:38,375 train 350 4.961078e-01 83.003917 99.363426
2020-04-13 13:29:35,725 train_acc 83.044000
2020-04-13 13:29:36,191 valid 000 4.386380e-01 84.375000 100.000000
2020-04-13 13:29:44,663 valid 050 5.448756e-01 81.525735 99.050245
2020-04-13 13:29:53,235 valid 100 5.277755e-01 82.178218 98.963490
2020-04-13 13:30:02,070 valid 150 5.470079e-01 81.663907 98.810017
2020-04-13 13:30:10,608 valid 200 5.532106e-01 81.444341 98.841729
2020-04-13 13:30:19,377 valid 250 5.601606e-01 81.156624 98.891932
2020-04-13 13:30:28,722 valid 300 5.602925e-01 81.192899 98.894311
2020-04-13 13:30:38,084 valid 350 5.597402e-01 81.169872 98.913818
2020-04-13 13:30:45,301 valid_acc 81.216000
2020-04-13 13:30:45,435 epoch 9 lr 2.313194e-02
2020-04-13 13:30:45,436 genotype = Genotype(normal=[('conv_3x1_1x3', 0), ('conv_3x1_1x3', 1), ('sep_conv_3x3', 0), ('conv 3x3', 1), ('conv_3x1_1x3', 2), ('sep_conv_3x3', 0), ('conv 3x3', 2), ('dil_conv_5x5', 4)], normal_concat=range(2, 6), reduce=[('max_pool_3x3', 0), ('max_pool_3x3', 1), ('max_pool_3x3', 0), ('skip_connect', 2), ('max_pool_3x3', 0), ('skip_connect', 2), ('max_pool_3x3', 0), ('skip_connect', 2)], reduce_concat=range(2, 6))
2020-04-13 13:30:45,436 genotype_all = Genotype(normal=[('conv_3x1_1x3', 0), ('conv_3x1_1x3', 1), ('sep_conv_3x3', 0), ('conv 3x3', 1), ('conv 3x3', 2), ('sep_conv_3x3', 0), ('conv_3x1_1x3', 1), ('conv_3x1_1x3', 2), ('dil_conv_5x5', 3), ('conv_3x1_1x3', 0), ('conv_3x1_1x3', 1), ('conv 3x3', 2), ('conv 3x3', 3), ('dil_conv_5x5', 4)], normal_concat=range(2, 6), reduce=[('max_pool_3x3', 0), ('max_pool_3x3', 1), ('max_pool_3x3', 0), ('max_pool_3x3', 1), ('skip_connect', 2), ('max_pool_3x3', 0), ('max_pool_3x3', 1), ('skip_connect', 2), ('skip_connect', 3), ('max_pool_3x3', 0), ('max_pool_3x3', 1), ('skip_connect', 2), ('skip_connect', 3), ('none', 4)], reduce_concat=range(2, 6))
2020-04-13 13:30:45,436 Variable containing:
 0.1751  0.1579  0.1609  0.1802  0.1669  0.1590
 0.1738  0.1655  0.1567  0.1763  0.1646  0.1631
 0.1716  0.1801  0.1567  0.1632  0.1734  0.1549
 0.1744  0.1675  0.1701  0.1592  0.1614  0.1674
 0.1714  0.1683  0.1577  0.1670  0.1674  0.1682
 0.1726  0.1797  0.1621  0.1627  0.1623  0.1607
 0.1592  0.1680  0.1624  0.1718  0.1701  0.1685
 0.1574  0.1636  0.1519  0.1871  0.1789  0.1611
 0.1628  0.1593  0.1582  0.1726  0.1702  0.1769
 0.1715  0.1720  0.1635  0.1733  0.1647  0.1550
 0.1680  0.1728  0.1561  0.1751  0.1669  0.1610
 0.1866  0.1582  0.1622  0.1722  0.1573  0.1634
 0.1708  0.1645  0.1572  0.1680  0.1706  0.1689
 0.1617  0.1559  0.1650  0.1671  0.1747  0.1755
[torch.cuda.FloatTensor of size 14x6 (GPU 0)]

2020-04-13 13:30:45,439 Variable containing:
 0.1409  0.1602  0.1347  0.2272  0.1248  0.2123
 0.1804  0.1711  0.1421  0.1915  0.1301  0.1848
 0.1341  0.1343  0.1439  0.2426  0.1295  0.2155
 0.1683  0.1615  0.1490  0.1998  0.1339  0.1876
 0.1778  0.2328  0.1567  0.1799  0.1122  0.1405
 0.1305  0.1398  0.1461  0.2391  0.1319  0.2126
 0.1636  0.1628  0.1525  0.1992  0.1368  0.1850
 0.1718  0.2324  0.1613  0.1800  0.1149  0.1396
 0.1905  0.2299  0.1577  0.1689  0.1164  0.1366
 0.1335  0.1481  0.1434  0.2320  0.1299  0.2131
 0.1679  0.1619  0.1501  0.1981  0.1346  0.1874
 0.1850  0.2240  0.1552  0.1831  0.1114  0.1412
 0.2052  0.2169  0.1532  0.1718  0.1142  0.1387
 0.2168  0.1935  0.1583  0.1728  0.1183  0.1404
[torch.cuda.FloatTensor of size 14x6 (GPU 0)]

2020-04-13 13:30:47,036 train 000 3.458807e-01 90.625000 98.437500
2020-04-13 13:31:59,645 train 050 4.351071e-01 85.569853 99.417892
2020-04-13 13:33:12,886 train 100 4.511032e-01 84.545173 99.474010
2020-04-13 13:34:26,462 train 150 4.466833e-01 84.819950 99.451573
2020-04-13 13:35:38,859 train 200 4.489621e-01 84.670398 99.393657
2020-04-13 13:36:51,469 train 250 4.495868e-01 84.624004 99.365040
2020-04-13 13:38:04,473 train 300 4.545094e-01 84.390573 99.314784
2020-04-13 13:39:17,072 train 350 4.602276e-01 84.196937 99.310007
2020-04-13 13:40:15,114 train_acc 84.156000
2020-04-13 13:40:15,474 valid 000 7.177516e-01 79.687500 100.000000
2020-04-13 13:40:24,310 valid 050 5.184547e-01 82.536765 99.387255
2020-04-13 13:40:32,902 valid 100 5.109752e-01 82.657797 99.365718
2020-04-13 13:40:41,833 valid 150 5.203533e-01 82.326159 99.296358
2020-04-13 13:40:50,273 valid 200 5.196075e-01 82.447139 99.137127
2020-04-13 13:40:58,663 valid 250 5.285574e-01 82.277141 99.084910
2020-04-13 13:41:07,267 valid 300 5.312662e-01 82.018272 99.055233
2020-04-13 13:41:16,080 valid 350 5.370055e-01 81.913283 99.016204
2020-04-13 13:41:22,801 valid_acc 81.948000
2020-04-13 13:41:22,935 epoch 10 lr 2.270820e-02
2020-04-13 13:41:22,936 genotype = Genotype(normal=[('conv_3x1_1x3', 0), ('conv_3x1_1x3', 1), ('sep_conv_3x3', 0), ('conv 3x3', 1), ('conv_3x1_1x3', 2), ('sep_conv_3x3', 0), ('conv 3x3', 2), ('conv_3x1_1x3', 1)], normal_concat=range(2, 6), reduce=[('max_pool_3x3', 0), ('max_pool_3x3', 1), ('max_pool_3x3', 0), ('skip_connect', 2), ('max_pool_3x3', 0), ('skip_connect', 2), ('max_pool_3x3', 0), ('skip_connect', 2)], reduce_concat=range(2, 6))
